Group	Samples	Ind	S	High	Low
Central	1	0.14	0.08	0.03	0.12
Central	2	0.29	0.15	0.06	0.24
Central	3	0.43	0.22	0.08	0.36
Central	4	0.58	0.3	0.11	0.48
Central	5	0.72	0.37	0.14	0.59
Central	6	0.87	0.44	0.16	0.71
Central	7	1.01	0.5	0.19	0.82
Central	8	1.16	0.57	0.22	0.93
Central	9	1.3	0.64	0.24	1.03
Central	10	1.44	0.7	0.27	1.14
Central	11	1.59	0.77	0.29	1.24
Central	12	1.73	0.83	0.32	1.34
Central	13	1.88	0.89	0.35	1.44
Central	14	2.02	0.95	0.37	1.54
Central	15	2.17	1.01	0.39	1.63
Central	16	2.31	1.07	0.42	1.73
Central	17	2.46	1.13	0.44	1.82
Central	18	2.6	1.19	0.47	1.91
Central	19	2.74	1.24	0.49	2
Central	20	2.89	1.3	0.51	2.09
Central	21	3.03	1.35	0.54	2.17
Central	22	3.18	1.41	0.56	2.26
Central	23	3.32	1.46	0.58	2.34
Central	24	3.47	1.51	0.61	2.42
Central	25	3.61	1.56	0.63	2.5
Central	26	3.76	1.61	0.65	2.58
Central	27	3.9	1.66	0.67	2.65
Central	28	4.04	1.71	0.69	2.73
Central	29	4.19	1.76	0.72	2.8
Central	30	4.33	1.81	0.74	2.88
Central	31	4.48	1.85	0.76	2.95
Central	32	4.62	1.9	0.78	3.02
Central	33	4.77	1.94	0.8	3.09
Central	34	4.91	1.99	0.82	3.16
Central	35	5.06	2.03	0.84	3.22
Central	36	5.2	2.07	0.86	3.29
Central	37	5.35	2.12	0.88	3.35
Central	38	5.49	2.16	0.9	3.42
Central	39	5.63	2.2	0.92	3.48
Central	40	5.78	2.24	0.94	3.54
Central	41	5.92	2.28	0.96	3.6
Central	42	6.07	2.32	0.98	3.66
Central	43	6.21	2.36	1	3.72
Central	44	6.36	2.39	1.01	3.77
Central	45	6.5	2.43	1.03	3.83
Central	46	6.65	2.47	1.05	3.88
Central	47	6.79	2.5	1.07	3.94
Central	48	6.93	2.54	1.09	3.99
Central	49	7.08	2.57	1.11	4.04
Central	50	7.22	2.61	1.12	4.09
Central	51	7.37	2.64	1.14	4.15
Central	52	7.51	2.68	1.16	4.19
Central	53	7.66	2.71	1.17	4.24
Central	54	7.8	2.74	1.19	4.29
Central	55	7.95	2.77	1.21	4.34
Central	56	8.09	2.81	1.23	4.38
Central	57	8.23	2.84	1.24	4.43
Central	58	8.38	2.87	1.26	4.48
Central	59	8.52	2.9	1.27	4.52
Central	60	8.67	2.93	1.29	4.56
Central	61	8.81	2.96	1.31	4.61
Central	62	8.96	2.98	1.32	4.65
Central	63	9.1	3.01	1.34	4.69
Central	64	9.25	3.04	1.35	4.73
Central	65	9.39	3.07	1.37	4.77
Central	66	9.53	3.1	1.38	4.81
Central	67	9.68	3.12	1.4	4.85
Central	68	9.82	3.15	1.41	4.88
Central	69	9.97	3.17	1.43	4.92
Central	70	10.11	3.2	1.44	4.96
Central	71	10.26	3.23	1.46	4.99
Central	72	10.4	3.25	1.47	5.03
Central	73	10.55	3.27	1.49	5.06
Central	74	10.69	3.3	1.5	5.1
Central	75	10.83	3.32	1.51	5.13
Central	76	10.98	3.35	1.53	5.17
Central	77	11.12	3.37	1.54	5.2
Central	78	11.27	3.39	1.55	5.23
Central	79	11.41	3.41	1.57	5.26
Central	80	11.56	3.44	1.58	5.29
Central	81	11.7	3.46	1.59	5.32
Central	82	11.85	3.48	1.61	5.35
Central	83	11.99	3.5	1.62	5.38
Central	84	12.13	3.52	1.63	5.41
Central	85	12.28	3.54	1.65	5.44
Central	86	12.42	3.56	1.66	5.47
Central	87	12.57	3.58	1.67	5.5
Central	88	12.71	3.6	1.68	5.52
Central	89	12.86	3.62	1.69	5.55
Central	90	13	3.64	1.71	5.58
Central	91	13.15	3.66	1.72	5.6
Central	92	13.29	3.68	1.73	5.63
Central	93	13.43	3.7	1.74	5.65
Central	94	13.58	3.72	1.75	5.68
Central	95	13.72	3.74	1.77	5.7
Central	96	13.87	3.75	1.78	5.73
Central	97	14.01	3.77	1.79	5.75
Central	98	14.16	3.79	1.8	5.78
Central	99	14.3	3.81	1.81	5.8
Central	100	14.45	3.82	1.82	5.82
Central	101	14.59	3.84	1.83	5.84
Central	102	14.73	3.86	1.84	5.87
Central	103	14.88	3.87	1.86	5.89
Central	104	15.02	3.89	1.87	5.91
Central	105	15.17	3.9	1.88	5.93
Central	106	15.31	3.92	1.89	5.95
Central	107	15.46	3.93	1.9	5.97
Central	108	15.6	3.95	1.91	5.99
Central	109	15.75	3.97	1.92	6.01
Central	110	15.89	3.98	1.93	6.03
Central	111	16.04	3.99	1.94	6.05
Central	112	16.18	4.01	1.95	6.07
Central	113	16.32	4.02	1.96	6.09
Central	114	16.47	4.04	1.97	6.11
Central	115	16.61	4.05	1.98	6.13
Central	116	16.76	4.07	1.99	6.14
Central	117	16.9	4.08	2	6.16
Central	118	17.05	4.09	2.01	6.18
Central	119	17.19	4.11	2.02	6.2
Central	120	17.34	4.12	2.02	6.21
Central	121	17.48	4.13	2.03	6.23
Central	122	17.62	4.14	2.04	6.25
Central	123	17.77	4.16	2.05	6.26
Central	124	17.91	4.17	2.06	6.28
Central	125	18.06	4.18	2.07	6.29
Central	126	18.2	4.19	2.08	6.31
Central	127	18.35	4.21	2.09	6.33
Central	128	18.49	4.22	2.1	6.34
Central	129	18.64	4.23	2.11	6.36
Central	130	18.78	4.24	2.11	6.37
Central	131	18.92	4.25	2.12	6.39
Central	132	19.07	4.27	2.13	6.4
Central	133	19.21	4.28	2.14	6.41
Central	134	19.36	4.29	2.15	6.43
Central	135	19.5	4.3	2.16	6.44
Central	136	19.65	4.31	2.16	6.46
Central	137	19.79	4.32	2.17	6.47
Central	138	19.94	4.33	2.18	6.48
Central	139	20.08	4.34	2.19	6.5
Central	140	20.22	4.35	2.2	6.51
Central	141	20.37	4.36	2.2	6.52
Central	142	20.51	4.37	2.21	6.53
Central	143	20.66	4.38	2.22	6.55
Central	144	20.8	4.39	2.23	6.56
Central	145	20.95	4.4	2.23	6.57
Central	146	21.09	4.41	2.24	6.58
Central	147	21.24	4.42	2.25	6.59
Central	148	21.38	4.43	2.26	6.61
Central	149	21.52	4.44	2.26	6.62
Central	150	21.67	4.45	2.27	6.63
Central	151	21.81	4.46	2.28	6.64
Central	152	21.96	4.47	2.29	6.65
Central	153	22.1	4.48	2.29	6.66
Central	154	22.25	4.49	2.3	6.67
Central	155	22.39	4.5	2.31	6.68
Central	156	22.54	4.5	2.31	6.69
Central	157	22.68	4.51	2.32	6.71
Central	158	22.82	4.52	2.33	6.72
Central	159	22.97	4.53	2.34	6.73
Central	160	23.11	4.54	2.34	6.74
Central	161	23.26	4.55	2.35	6.75
Central	162	23.4	4.56	2.36	6.76
Central	163	23.55	4.56	2.36	6.77
Central	164	23.69	4.57	2.37	6.78
Central	165	23.84	4.58	2.38	6.78
Central	166	23.98	4.59	2.38	6.79
Central	167	24.12	4.6	2.39	6.8
Central	168	24.27	4.6	2.39	6.81
Central	169	24.41	4.61	2.4	6.82
Central	170	24.56	4.62	2.41	6.83
Central	171	24.7	4.63	2.41	6.84
Central	172	24.85	4.63	2.42	6.85
Central	173	24.99	4.64	2.43	6.86
Central	174	25.14	4.65	2.43	6.87
Central	175	25.28	4.66	2.44	6.87
Central	176	25.42	4.66	2.44	6.88
Central	177	25.57	4.67	2.45	6.89
Central	178	25.71	4.68	2.46	6.9
Central	179	25.86	4.69	2.46	6.91
Central	180	26	4.69	2.47	6.92
Central	181	26.15	4.7	2.47	6.92
Central	182	26.29	4.71	2.48	6.93
Central	183	26.44	4.71	2.49	6.94
Central	184	26.58	4.72	2.49	6.95
Central	185	26.73	4.73	2.5	6.95
Central	186	26.87	4.73	2.5	6.96
Central	187	27.01	4.74	2.51	6.97
Central	188	27.16	4.75	2.51	6.98
Central	189	27.3	4.75	2.52	6.98
Central	190	27.45	4.76	2.53	6.99
Central	191	27.59	4.76	2.53	7
Central	192	27.74	4.77	2.54	7.01
Central	193	27.88	4.78	2.54	7.01
Central	194	28.03	4.78	2.55	7.02
Central	195	28.17	4.79	2.55	7.03
Central	196	28.31	4.8	2.56	7.03
Central	197	28.46	4.8	2.56	7.04
Central	198	28.6	4.81	2.57	7.05
Central	199	28.75	4.81	2.57	7.05
Central	200	28.89	4.82	2.58	7.06
Central	201	29.04	4.83	2.58	7.07
Central	202	29.18	4.83	2.59	7.07
Central	203	29.33	4.84	2.6	7.08
Central	204	29.47	4.84	2.6	7.08
Central	205	29.61	4.85	2.61	7.09
Central	206	29.76	4.85	2.61	7.1
Central	207	29.9	4.86	2.62	7.1
Central	208	30.05	4.86	2.62	7.11
Central	209	30.19	4.87	2.63	7.12
Central	210	30.34	4.88	2.63	7.12
Central	211	30.48	4.88	2.64	7.13
Central	212	30.63	4.89	2.64	7.13
Central	213	30.77	4.89	2.65	7.14
Central	214	30.91	4.9	2.65	7.14
Central	215	31.06	4.9	2.65	7.15
Central	216	31.2	4.91	2.66	7.16
Central	217	31.35	4.91	2.66	7.16
Central	218	31.49	4.92	2.67	7.17
Central	219	31.64	4.92	2.67	7.17
Central	220	31.78	4.93	2.68	7.18
Central	221	31.93	4.93	2.68	7.18
Central	222	32.07	4.94	2.69	7.19
Central	223	32.21	4.94	2.69	7.19
Central	224	32.36	4.95	2.7	7.2
Central	225	32.5	4.95	2.7	7.2
Central	226	32.65	4.96	2.71	7.21
Central	227	32.79	4.96	2.71	7.21
Central	228	32.94	4.97	2.72	7.22
Central	229	33.08	4.97	2.72	7.22
Central	230	33.23	4.98	2.72	7.23
Central	231	33.37	4.98	2.73	7.23
Central	232	33.51	4.99	2.73	7.24
Central	233	33.66	4.99	2.74	7.24
Central	234	33.8	4.99	2.74	7.25
Central	235	33.95	5	2.75	7.25
Central	236	34.09	5	2.75	7.26
Central	237	34.24	5.01	2.75	7.26
Central	238	34.38	5.01	2.76	7.27
Central	239	34.53	5.02	2.76	7.27
Central	240	34.67	5.02	2.77	7.27
Central	241	34.81	5.03	2.77	7.28
Central	242	34.96	5.03	2.78	7.28
Central	243	35.1	5.03	2.78	7.29
Central	244	35.25	5.04	2.78	7.29
Central	245	35.39	5.04	2.79	7.3
Central	246	35.54	5.05	2.79	7.3
Central	247	35.68	5.05	2.8	7.3
Central	248	35.83	5.06	2.8	7.31
Central	249	35.97	5.06	2.81	7.31
Central	250	36.12	5.06	2.81	7.32
Central	251	36.26	5.07	2.81	7.32
Central	252	36.4	5.07	2.82	7.33
Central	253	36.55	5.08	2.82	7.33
Central	254	36.69	5.08	2.83	7.33
Central	255	36.84	5.08	2.83	7.34
Central	256	36.98	5.09	2.83	7.34
Central	257	37.13	5.09	2.84	7.34
Central	258	37.27	5.1	2.84	7.35
Central	259	37.42	5.1	2.85	7.35
Central	260	37.56	5.1	2.85	7.36
Central	261	37.7	5.11	2.85	7.36
Central	262	37.85	5.11	2.86	7.36
Central	263	37.99	5.11	2.86	7.37
Central	264	38.14	5.12	2.86	7.37
Central	265	38.28	5.12	2.87	7.37
Central	266	38.43	5.13	2.87	7.38
Central	267	38.57	5.13	2.88	7.38
Central	268	38.72	5.13	2.88	7.39
Central	269	38.86	5.14	2.88	7.39
Central	270	39	5.14	2.89	7.39
Central	271	39.15	5.14	2.89	7.4
Central	272	39.29	5.15	2.9	7.4
Central	273	39.44	5.15	2.9	7.4
Central	274	39.58	5.15	2.9	7.41
Central	275	39.73	5.16	2.91	7.41
Central	276	39.87	5.16	2.91	7.41
Central	277	40.02	5.16	2.91	7.42
Central	278	40.16	5.17	2.92	7.42
Central	279	40.3	5.17	2.92	7.42
Central	280	40.45	5.18	2.92	7.43
Central	281	40.59	5.18	2.93	7.43
Central	282	40.74	5.18	2.93	7.43
Central	283	40.88	5.19	2.94	7.44
Central	284	41.03	5.19	2.94	7.44
Central	285	41.17	5.19	2.94	7.44
Central	286	41.32	5.2	2.95	7.44
Central	287	41.46	5.2	2.95	7.45
Central	288	41.6	5.2	2.95	7.45
Central	289	41.75	5.21	2.96	7.45
Central	290	41.89	5.21	2.96	7.46
Central	291	42.04	5.21	2.96	7.46
Central	292	42.18	5.21	2.97	7.46
Central	293	42.33	5.22	2.97	7.47
Central	294	42.47	5.22	2.97	7.47
Central	295	42.62	5.22	2.98	7.47
Central	296	42.76	5.23	2.98	7.47
Central	297	42.9	5.23	2.98	7.48
Central	298	43.05	5.23	2.99	7.48
Central	299	43.19	5.24	2.99	7.48
Central	300	43.34	5.24	2.99	7.48
Central	301	43.48	5.24	3	7.49
Central	302	43.63	5.25	3	7.49
Central	303	43.77	5.25	3.01	7.49
Central	304	43.92	5.25	3.01	7.5
Central	305	44.06	5.26	3.01	7.5
Central	306	44.2	5.26	3.02	7.5
Central	307	44.35	5.26	3.02	7.5
Central	308	44.49	5.26	3.02	7.51
Central	309	44.64	5.27	3.03	7.51
Central	310	44.78	5.27	3.03	7.51
Central	311	44.93	5.27	3.03	7.51
Central	312	45.07	5.28	3.04	7.52
Central	313	45.22	5.28	3.04	7.52
Central	314	45.36	5.28	3.04	7.52
Central	315	45.5	5.28	3.05	7.52
Central	316	45.65	5.29	3.05	7.53
Central	317	45.79	5.29	3.05	7.53
Central	318	45.94	5.29	3.05	7.53
Central	319	46.08	5.3	3.06	7.53
Central	320	46.23	5.3	3.06	7.54
Central	321	46.37	5.3	3.06	7.54
Central	322	46.52	5.3	3.07	7.54
Central	323	46.66	5.31	3.07	7.54
Central	324	46.81	5.31	3.07	7.55
Central	325	46.95	5.31	3.08	7.55
Central	326	47.09	5.32	3.08	7.55
Central	327	47.24	5.32	3.08	7.55
Central	328	47.38	5.32	3.09	7.55
Central	329	47.53	5.32	3.09	7.56
Central	330	47.67	5.33	3.09	7.56
Central	331	47.82	5.33	3.1	7.56
Central	332	47.96	5.33	3.1	7.56
Central	333	48.11	5.33	3.1	7.57
Central	334	48.25	5.34	3.11	7.57
Central	335	48.39	5.34	3.11	7.57
Central	336	48.54	5.34	3.11	7.57
Central	337	48.68	5.34	3.12	7.57
Central	338	48.83	5.35	3.12	7.58
Central	339	48.97	5.35	3.12	7.58
Central	340	49.12	5.35	3.12	7.58
Central	341	49.26	5.35	3.13	7.58
Central	342	49.41	5.36	3.13	7.58
Central	343	49.55	5.36	3.13	7.59
Central	344	49.69	5.36	3.14	7.59
Central	345	49.84	5.36	3.14	7.59
Central	346	49.98	5.37	3.14	7.59
Central	347	50.13	5.37	3.15	7.59
Central	348	50.27	5.37	3.15	7.6
Central	349	50.42	5.37	3.15	7.6
Central	350	50.56	5.38	3.15	7.6
Central	351	50.71	5.38	3.16	7.6
Central	352	50.85	5.38	3.16	7.6
Central	353	50.99	5.38	3.16	7.61
Central	354	51.14	5.39	3.17	7.61
Central	355	51.28	5.39	3.17	7.61
Central	356	51.43	5.39	3.17	7.61
Central	357	51.57	5.39	3.18	7.61
Central	358	51.72	5.4	3.18	7.62
Central	359	51.86	5.4	3.18	7.62
Central	360	52.01	5.4	3.18	7.62
Central	361	52.15	5.4	3.19	7.62
Central	362	52.29	5.41	3.19	7.62
Central	363	52.44	5.41	3.19	7.62
Central	364	52.58	5.41	3.2	7.63
Central	365	52.73	5.41	3.2	7.63
Central	366	52.87	5.42	3.2	7.63
Central	367	53.02	5.42	3.21	7.63
Central	368	53.16	5.42	3.21	7.63
Central	369	53.31	5.42	3.21	7.63
Central	370	53.45	5.43	3.21	7.64
Central	371	53.59	5.43	3.22	7.64
Central	372	53.74	5.43	3.22	7.64
Central	373	53.88	5.43	3.22	7.64
Central	374	54.03	5.43	3.23	7.64
Central	375	54.17	5.44	3.23	7.64
Central	376	54.32	5.44	3.23	7.65
Central	377	54.46	5.44	3.23	7.65
Central	378	54.61	5.44	3.24	7.65
Central	379	54.75	5.45	3.24	7.65
Central	380	54.89	5.45	3.24	7.65
Central	381	55.04	5.45	3.25	7.65
Central	382	55.18	5.45	3.25	7.66
Central	383	55.33	5.45	3.25	7.66
Central	384	55.47	5.46	3.25	7.66
Central	385	55.62	5.46	3.26	7.66
Central	386	55.76	5.46	3.26	7.66
Central	387	55.91	5.46	3.26	7.66
Central	388	56.05	5.47	3.27	7.67
Central	389	56.19	5.47	3.27	7.67
Central	390	56.34	5.47	3.27	7.67
Central	391	56.48	5.47	3.27	7.67
Central	392	56.63	5.47	3.28	7.67
Central	393	56.77	5.48	3.28	7.67
Central	394	56.92	5.48	3.28	7.67
Central	395	57.06	5.48	3.28	7.68
Central	396	57.21	5.48	3.29	7.68
Central	397	57.35	5.48	3.29	7.68
Central	398	57.5	5.49	3.29	7.68
Central	399	57.64	5.49	3.3	7.68
Central	400	57.78	5.49	3.3	7.68
Central	401	57.93	5.49	3.3	7.68
Central	402	58.07	5.49	3.3	7.69
Central	403	58.22	5.5	3.31	7.69
Central	404	58.36	5.5	3.31	7.69
Central	405	58.51	5.5	3.31	7.69
Central	406	58.65	5.5	3.31	7.69
Central	407	58.8	5.51	3.32	7.69
Central	408	58.94	5.51	3.32	7.69
Central	409	59.08	5.51	3.32	7.7
Central	410	59.23	5.51	3.33	7.7
Central	411	59.37	5.51	3.33	7.7
Central	412	59.52	5.52	3.33	7.7
Central	413	59.66	5.52	3.33	7.7
Central	414	59.81	5.52	3.34	7.7
Central	415	59.95	5.52	3.34	7.7
Central	416	60.1	5.52	3.34	7.7
Central	417	60.24	5.53	3.34	7.71
Central	418	60.38	5.53	3.35	7.71
Central	419	60.53	5.53	3.35	7.71
Central	420	60.67	5.53	3.35	7.71
Central	421	60.82	5.53	3.36	7.71
Central	422	60.96	5.54	3.36	7.71
Central	423	61.11	5.54	3.36	7.71
Central	424	61.25	5.54	3.36	7.71
Central	425	61.4	5.54	3.37	7.72
Central	426	61.54	5.54	3.37	7.72
Central	427	61.68	5.54	3.37	7.72
Central	428	61.83	5.55	3.37	7.72
Central	429	61.97	5.55	3.38	7.72
Central	430	62.12	5.55	3.38	7.72
Central	431	62.26	5.55	3.38	7.72
Central	432	62.41	5.55	3.38	7.72
Central	433	62.55	5.56	3.39	7.73
Central	434	62.7	5.56	3.39	7.73
Central	435	62.84	5.56	3.39	7.73
Central	436	62.98	5.56	3.4	7.73
Central	437	63.13	5.56	3.4	7.73
Central	438	63.27	5.57	3.4	7.73
Central	439	63.42	5.57	3.4	7.73
Central	440	63.56	5.57	3.41	7.73
Central	441	63.71	5.57	3.41	7.73
Central	442	63.85	5.57	3.41	7.74
Central	443	64	5.58	3.41	7.74
Central	444	64.14	5.58	3.42	7.74
Central	445	64.28	5.58	3.42	7.74
Central	446	64.43	5.58	3.42	7.74
Central	447	64.57	5.58	3.42	7.74
Central	448	64.72	5.58	3.43	7.74
Central	449	64.86	5.59	3.43	7.74
Central	450	65.01	5.59	3.43	7.74
Central	451	65.15	5.59	3.43	7.75
Central	452	65.3	5.59	3.44	7.75
Central	453	65.44	5.59	3.44	7.75
Central	454	65.58	5.6	3.44	7.75
Central	455	65.73	5.6	3.44	7.75
Central	456	65.87	5.6	3.45	7.75
Central	457	66.02	5.6	3.45	7.75
Central	458	66.16	5.6	3.45	7.75
Central	459	66.31	5.6	3.45	7.75
Central	460	66.45	5.61	3.46	7.76
Central	461	66.6	5.61	3.46	7.76
Central	462	66.74	5.61	3.46	7.76
Central	463	66.88	5.61	3.46	7.76
Central	464	67.03	5.61	3.47	7.76
Central	465	67.17	5.62	3.47	7.76
Central	466	67.32	5.62	3.47	7.76
Central	467	67.46	5.62	3.48	7.76
Central	468	67.61	5.62	3.48	7.76
Central	469	67.75	5.62	3.48	7.76
Central	470	67.9	5.62	3.48	7.77
Central	471	68.04	5.63	3.49	7.77
Central	472	68.19	5.63	3.49	7.77
Central	473	68.33	5.63	3.49	7.77
Central	474	68.47	5.63	3.49	7.77
Central	475	68.62	5.63	3.5	7.77
Central	476	68.76	5.63	3.5	7.77
Central	477	68.91	5.64	3.5	7.77
Central	478	69.05	5.64	3.5	7.77
Central	479	69.2	5.64	3.51	7.77
Central	480	69.34	5.64	3.51	7.78
Central	481	69.49	5.64	3.51	7.78
Central	482	69.63	5.64	3.51	7.78
Central	483	69.77	5.65	3.52	7.78
Central	484	69.92	5.65	3.52	7.78
Central	485	70.06	5.65	3.52	7.78
Central	486	70.21	5.65	3.52	7.78
Central	487	70.35	5.65	3.53	7.78
Central	488	70.5	5.66	3.53	7.78
Central	489	70.64	5.66	3.53	7.78
Central	490	70.79	5.66	3.53	7.78
Central	491	70.93	5.66	3.54	7.79
Central	492	71.07	5.66	3.54	7.79
Central	493	71.22	5.66	3.54	7.79
Central	494	71.36	5.67	3.54	7.79
Central	495	71.51	5.67	3.54	7.79
Central	496	71.65	5.67	3.55	7.79
Central	497	71.8	5.67	3.55	7.79
Central	498	71.94	5.67	3.55	7.79
Central	499	72.09	5.67	3.55	7.79
Central	500	72.23	5.68	3.56	7.79
Central	501	72.37	5.68	3.56	7.79
Central	502	72.52	5.68	3.56	7.8
Central	503	72.66	5.68	3.56	7.8
Central	504	72.81	5.68	3.57	7.8
Central	505	72.95	5.68	3.57	7.8
Central	506	73.1	5.69	3.57	7.8
Central	507	73.24	5.69	3.57	7.8
Central	508	73.39	5.69	3.58	7.8
Central	509	73.53	5.69	3.58	7.8
Central	510	73.67	5.69	3.58	7.8
Central	511	73.82	5.69	3.58	7.8
Central	512	73.96	5.7	3.59	7.8
Central	513	74.11	5.7	3.59	7.81
Central	514	74.25	5.7	3.59	7.81
Central	515	74.4	5.7	3.59	7.81
Central	516	74.54	5.7	3.6	7.81
Central	517	74.69	5.7	3.6	7.81
Central	518	74.83	5.71	3.6	7.81
Central	519	74.97	5.71	3.6	7.81
Central	520	75.12	5.71	3.61	7.81
Central	521	75.26	5.71	3.61	7.81
Central	522	75.41	5.71	3.61	7.81
Central	523	75.55	5.71	3.61	7.81
Central	524	75.7	5.71	3.62	7.81
Central	525	75.84	5.72	3.62	7.82
Central	526	75.99	5.72	3.62	7.82
Central	527	76.13	5.72	3.62	7.82
Central	528	76.27	5.72	3.63	7.82
Central	529	76.42	5.72	3.63	7.82
Central	530	76.56	5.72	3.63	7.82
Central	531	76.71	5.73	3.63	7.82
Central	532	76.85	5.73	3.63	7.82
Central	533	77	5.73	3.64	7.82
Central	534	77.14	5.73	3.64	7.82
Central	535	77.29	5.73	3.64	7.82
Central	536	77.43	5.73	3.64	7.82
Central	537	77.58	5.74	3.65	7.83
Central	538	77.72	5.74	3.65	7.83
Central	539	77.86	5.74	3.65	7.83
Central	540	78.01	5.74	3.65	7.83
Central	541	78.15	5.74	3.66	7.83
Central	542	78.3	5.74	3.66	7.83
Central	543	78.44	5.75	3.66	7.83
Central	544	78.59	5.75	3.66	7.83
Central	545	78.73	5.75	3.67	7.83
Central	546	78.88	5.75	3.67	7.83
Central	547	79.02	5.75	3.67	7.83
Central	548	79.16	5.75	3.67	7.83
Central	549	79.31	5.75	3.67	7.83
Central	550	79.45	5.76	3.68	7.84
Central	551	79.6	5.76	3.68	7.84
Central	552	79.74	5.76	3.68	7.84
Central	553	79.89	5.76	3.68	7.84
Central	554	80.03	5.76	3.69	7.84
Central	555	80.18	5.76	3.69	7.84
Central	556	80.32	5.77	3.69	7.84
Central	557	80.46	5.77	3.69	7.84
Central	558	80.61	5.77	3.7	7.84
Central	559	80.75	5.77	3.7	7.84
Central	560	80.9	5.77	3.7	7.84
Central	561	81.04	5.77	3.7	7.84
Central	562	81.19	5.78	3.71	7.84
Central	563	81.33	5.78	3.71	7.85
Central	564	81.48	5.78	3.71	7.85
Central	565	81.62	5.78	3.71	7.85
Central	566	81.76	5.78	3.71	7.85
Central	567	81.91	5.78	3.72	7.85
Central	568	82.05	5.78	3.72	7.85
Central	569	82.2	5.79	3.72	7.85
Central	570	82.34	5.79	3.72	7.85
Central	571	82.49	5.79	3.73	7.85
Central	572	82.63	5.79	3.73	7.85
Central	573	82.78	5.79	3.73	7.85
Central	574	82.92	5.79	3.73	7.85
Central	575	83.06	5.8	3.74	7.85
Central	576	83.21	5.8	3.74	7.86
Central	577	83.35	5.8	3.74	7.86
Central	578	83.5	5.8	3.74	7.86
Central	579	83.64	5.8	3.74	7.86
Central	580	83.79	5.8	3.75	7.86
Central	581	83.93	5.8	3.75	7.86
Central	582	84.08	5.81	3.75	7.86
Central	583	84.22	5.81	3.75	7.86
Central	584	84.36	5.81	3.76	7.86
Central	585	84.51	5.81	3.76	7.86
Central	586	84.65	5.81	3.76	7.86
Central	587	84.8	5.81	3.76	7.86
Central	588	84.94	5.81	3.77	7.86
Central	589	85.09	5.82	3.77	7.87
Central	590	85.23	5.82	3.77	7.87
Central	591	85.38	5.82	3.77	7.87
Central	592	85.52	5.82	3.77	7.87
Central	593	85.66	5.82	3.78	7.87
Central	594	85.81	5.82	3.78	7.87
Central	595	85.95	5.83	3.78	7.87
Central	596	86.1	5.83	3.78	7.87
Central	597	86.24	5.83	3.79	7.87
Central	598	86.39	5.83	3.79	7.87
Central	599	86.53	5.83	3.79	7.87
Central	600	86.68	5.83	3.79	7.87
Central	601	86.82	5.83	3.79	7.87
Central	602	86.96	5.84	3.8	7.87
Central	603	87.11	5.84	3.8	7.88
Central	604	87.25	5.84	3.8	7.88
Central	605	87.4	5.84	3.8	7.88
Central	606	87.54	5.84	3.81	7.88
Central	607	87.69	5.84	3.81	7.88
Central	608	87.83	5.84	3.81	7.88
Central	609	87.98	5.85	3.81	7.88
Central	610	88.12	5.85	3.82	7.88
Central	611	88.27	5.85	3.82	7.88
Central	612	88.41	5.85	3.82	7.88
Central	613	88.55	5.85	3.82	7.88
Central	614	88.7	5.85	3.82	7.88
Central	615	88.84	5.86	3.83	7.88
Central	616	88.99	5.86	3.83	7.89
Central	617	89.13	5.86	3.83	7.89
Central	618	89.28	5.86	3.83	7.89
Central	619	89.42	5.86	3.84	7.89
Central	620	89.57	5.86	3.84	7.89
Central	621	89.71	5.86	3.84	7.89
Central	622	89.85	5.87	3.84	7.89
Central	623	90	5.87	3.84	7.89
Central	624	90.14	5.87	3.85	7.89
Central	625	90.29	5.87	3.85	7.89
Central	626	90.43	5.87	3.85	7.89
Central	627	90.58	5.87	3.85	7.89
Central	628	90.72	5.87	3.86	7.89
Central	629	90.87	5.88	3.86	7.89
Central	630	91.01	5.88	3.86	7.9
Central	631	91.15	5.88	3.86	7.9
Central	632	91.3	5.88	3.86	7.9
Central	633	91.44	5.88	3.87	7.9
Central	634	91.59	5.88	3.87	7.9
Central	635	91.73	5.88	3.87	7.9
Central	636	91.88	5.89	3.87	7.9
Central	637	92.02	5.89	3.88	7.9
Central	638	92.17	5.89	3.88	7.9
Central	639	92.31	5.89	3.88	7.9
Central	640	92.45	5.89	3.88	7.9
Central	641	92.6	5.89	3.88	7.9
Central	642	92.74	5.9	3.89	7.9
Central	643	92.89	5.9	3.89	7.9
Central	644	93.03	5.9	3.89	7.91
Central	645	93.18	5.9	3.89	7.91
Central	646	93.32	5.9	3.9	7.91
Central	647	93.47	5.9	3.9	7.91
Central	648	93.61	5.9	3.9	7.91
Central	649	93.75	5.91	3.9	7.91
Central	650	93.9	5.91	3.9	7.91
Central	651	94.04	5.91	3.91	7.91
Central	652	94.19	5.91	3.91	7.91
Central	653	94.33	5.91	3.91	7.91
Central	654	94.48	5.91	3.91	7.91
Central	655	94.62	5.91	3.91	7.91
Central	656	94.77	5.92	3.92	7.91
Central	657	94.91	5.92	3.92	7.91
Central	658	95.05	5.92	3.92	7.92
Central	659	95.2	5.92	3.92	7.92
Central	660	95.34	5.92	3.93	7.92
Central	661	95.49	5.92	3.93	7.92
Central	662	95.63	5.92	3.93	7.92
Central	663	95.78	5.93	3.93	7.92
Central	664	95.92	5.93	3.93	7.92
Central	665	96.07	5.93	3.94	7.92
Central	666	96.21	5.93	3.94	7.92
Central	667	96.35	5.93	3.94	7.92
Central	668	96.5	5.93	3.94	7.92
Central	669	96.64	5.93	3.95	7.92
Central	670	96.79	5.94	3.95	7.92
Central	671	96.93	5.94	3.95	7.93
Central	672	97.08	5.94	3.95	7.93
Central	673	97.22	5.94	3.95	7.93
Central	674	97.37	5.94	3.96	7.93
Central	675	97.51	5.94	3.96	7.93
Central	676	97.65	5.94	3.96	7.93
Central	677	97.8	5.95	3.96	7.93
Central	678	97.94	5.95	3.96	7.93
Central	679	98.09	5.95	3.97	7.93
Central	680	98.23	5.95	3.97	7.93
Central	681	98.38	5.95	3.97	7.93
Central	682	98.52	5.95	3.97	7.93
Central	683	98.67	5.95	3.98	7.93
Central	684	98.81	5.96	3.98	7.93
Central	685	98.96	5.96	3.98	7.94
Central	686	99.1	5.96	3.98	7.94
Central	687	99.24	5.96	3.98	7.94
Central	688	99.39	5.96	3.99	7.94
Central	689	99.53	5.96	3.99	7.94
Central	690	99.68	5.96	3.99	7.94
Central	691	99.82	5.97	3.99	7.94
Central	692	99.97	5.97	3.99	7.94
Central	693	100.11	5.97	4	7.94
Central	694	100.26	5.97	4	7.94
Central	695	100.4	5.97	4	7.94
Central	696	100.54	5.97	4	7.94
Central	697	100.69	5.97	4.01	7.94
Central	698	100.83	5.98	4.01	7.95
Central	699	100.98	5.98	4.01	7.95
Central	700	101.12	5.98	4.01	7.95
Central	701	101.27	5.98	4.01	7.95
Central	702	101.41	5.98	4.02	7.95
Central	703	101.56	5.98	4.02	7.95
Central	704	101.7	5.98	4.02	7.95
Central	705	101.84	5.99	4.02	7.95
Central	706	101.99	5.99	4.02	7.95
Central	707	102.13	5.99	4.03	7.95
Central	708	102.28	5.99	4.03	7.95
Central	709	102.42	5.99	4.03	7.95
Central	710	102.57	5.99	4.03	7.95
Central	711	102.71	6	4.04	7.95
Central	712	102.86	6	4.04	7.96
Central	713	103	6	4.04	7.96
Central	714	103.14	6	4.04	7.96
Central	715	103.29	6	4.04	7.96
Central	716	103.43	6	4.05	7.96
Central	717	103.58	6	4.05	7.96
Central	718	103.72	6.01	4.05	7.96
Central	719	103.87	6.01	4.05	7.96
Central	720	104.01	6.01	4.05	7.96
Central	721	104.16	6.01	4.06	7.96
Central	722	104.3	6.01	4.06	7.96
Central	723	104.44	6.01	4.06	7.96
Central	724	104.59	6.01	4.06	7.96
Central	725	104.73	6.02	4.06	7.97
Central	726	104.88	6.02	4.07	7.97
Central	727	105.02	6.02	4.07	7.97
Central	728	105.17	6.02	4.07	7.97
Central	729	105.31	6.02	4.07	7.97
Central	730	105.46	6.02	4.07	7.97
Central	731	105.6	6.02	4.08	7.97
Central	732	105.74	6.02	4.08	7.97
Central	733	105.89	6.03	4.08	7.97
Central	734	106.03	6.03	4.08	7.97
Central	735	106.18	6.03	4.09	7.97
Central	736	106.32	6.03	4.09	7.97
Central	737	106.47	6.03	4.09	7.97
Central	738	106.61	6.03	4.09	7.98
Central	739	106.76	6.03	4.09	7.98
Central	740	106.9	6.04	4.1	7.98
Central	741	107.04	6.04	4.1	7.98
Central	742	107.19	6.04	4.1	7.98
Central	743	107.33	6.04	4.1	7.98
Central	744	107.48	6.04	4.1	7.98
Central	745	107.62	6.04	4.11	7.98
Central	746	107.77	6.04	4.11	7.98
Central	747	107.91	6.05	4.11	7.98
Central	748	108.06	6.05	4.11	7.98
Central	749	108.2	6.05	4.11	7.98
Central	750	108.35	6.05	4.12	7.98
Central	751	108.49	6.05	4.12	7.99
Central	752	108.63	6.05	4.12	7.99
Central	753	108.78	6.05	4.12	7.99
Central	754	108.92	6.06	4.12	7.99
Central	755	109.07	6.06	4.13	7.99
Central	756	109.21	6.06	4.13	7.99
Central	757	109.36	6.06	4.13	7.99
Central	758	109.5	6.06	4.13	7.99
Central	759	109.65	6.06	4.13	7.99
Central	760	109.79	6.06	4.14	7.99
Central	761	109.93	6.07	4.14	7.99
Central	762	110.08	6.07	4.14	7.99
Central	763	110.22	6.07	4.14	8
Central	764	110.37	6.07	4.14	8
Central	765	110.51	6.07	4.15	8
Central	766	110.66	6.07	4.15	8
Central	767	110.8	6.07	4.15	8
Central	768	110.95	6.08	4.15	8
Central	769	111.09	6.08	4.15	8
Central	770	111.23	6.08	4.16	8
Central	771	111.38	6.08	4.16	8
Central	772	111.52	6.08	4.16	8
Central	773	111.67	6.08	4.16	8
Central	774	111.81	6.08	4.17	8
Central	775	111.96	6.09	4.17	8
Central	776	112.1	6.09	4.17	8.01
Central	777	112.25	6.09	4.17	8.01
Central	778	112.39	6.09	4.17	8.01
Central	779	112.53	6.09	4.18	8.01
Central	780	112.68	6.09	4.18	8.01
Central	781	112.82	6.09	4.18	8.01
Central	782	112.97	6.1	4.18	8.01
Central	783	113.11	6.1	4.18	8.01
Central	784	113.26	6.1	4.19	8.01
Central	785	113.4	6.1	4.19	8.01
Central	786	113.55	6.1	4.19	8.01
Central	787	113.69	6.1	4.19	8.01
Central	788	113.83	6.1	4.19	8.02
Central	789	113.98	6.11	4.2	8.02
Central	790	114.12	6.11	4.2	8.02
Central	791	114.27	6.11	4.2	8.02
Central	792	114.41	6.11	4.2	8.02
Central	793	114.56	6.11	4.2	8.02
Central	794	114.7	6.11	4.21	8.02
Central	795	114.85	6.11	4.21	8.02
Central	796	114.99	6.12	4.21	8.02
Central	797	115.13	6.12	4.21	8.02
Central	798	115.28	6.12	4.21	8.02
Central	799	115.42	6.12	4.22	8.02
Central	800	115.57	6.12	4.22	8.03
Central	801	115.71	6.12	4.22	8.03
Central	802	115.86	6.12	4.22	8.03
Central	803	116	6.13	4.22	8.03
Central	804	116.15	6.13	4.23	8.03
Central	805	116.29	6.13	4.23	8.03
Central	806	116.43	6.13	4.23	8.03
Central	807	116.58	6.13	4.23	8.03
Central	808	116.72	6.13	4.23	8.03
Central	809	116.87	6.13	4.24	8.03
Central	810	117.01	6.14	4.24	8.03
Central	811	117.16	6.14	4.24	8.03
Central	812	117.3	6.14	4.24	8.04
Central	813	117.45	6.14	4.24	8.04
Central	814	117.59	6.14	4.24	8.04
Central	815	117.73	6.14	4.25	8.04
Central	816	117.88	6.14	4.25	8.04
Central	817	118.02	6.15	4.25	8.04
Central	818	118.17	6.15	4.25	8.04
Central	819	118.31	6.15	4.25	8.04
Central	820	118.46	6.15	4.26	8.04
Central	821	118.6	6.15	4.26	8.04
Central	822	118.75	6.15	4.26	8.04
Central	823	118.89	6.15	4.26	8.05
Central	824	119.04	6.16	4.26	8.05
Central	825	119.18	6.16	4.27	8.05
Central	826	119.32	6.16	4.27	8.05
Central	827	119.47	6.16	4.27	8.05
Central	828	119.61	6.16	4.27	8.05
Central	829	119.76	6.16	4.27	8.05
Central	830	119.9	6.16	4.28	8.05
Central	831	120.05	6.17	4.28	8.05
Central	832	120.19	6.17	4.28	8.05
Central	833	120.34	6.17	4.28	8.05
Central	834	120.48	6.17	4.28	8.05
Central	835	120.62	6.17	4.29	8.06
Central	836	120.77	6.17	4.29	8.06
Central	837	120.91	6.17	4.29	8.06
Central	838	121.06	6.17	4.29	8.06
Central	839	121.2	6.18	4.29	8.06
Central	840	121.35	6.18	4.3	8.06
Central	841	121.49	6.18	4.3	8.06
Central	842	121.64	6.18	4.3	8.06
Central	843	121.78	6.18	4.3	8.06
Central	844	121.92	6.18	4.3	8.06
Central	845	122.07	6.18	4.31	8.06
Central	846	122.21	6.19	4.31	8.07
Central	847	122.36	6.19	4.31	8.07
Central	848	122.5	6.19	4.31	8.07
Central	849	122.65	6.19	4.31	8.07
Central	850	122.79	6.19	4.31	8.07
Central	851	122.94	6.19	4.32	8.07
Central	852	123.08	6.19	4.32	8.07
Central	853	123.22	6.2	4.32	8.07
Central	854	123.37	6.2	4.32	8.07
Central	855	123.51	6.2	4.32	8.07
Central	856	123.66	6.2	4.33	8.07
Central	857	123.8	6.2	4.33	8.08
Central	858	123.95	6.2	4.33	8.08
Central	859	124.09	6.2	4.33	8.08
Central	860	124.24	6.21	4.33	8.08
Central	861	124.38	6.21	4.34	8.08
Central	862	124.52	6.21	4.34	8.08
Central	863	124.67	6.21	4.34	8.08
Central	864	124.81	6.21	4.34	8.08
Central	865	124.96	6.21	4.34	8.08
Central	866	125.1	6.21	4.35	8.08
Central	867	125.25	6.22	4.35	8.08
Central	868	125.39	6.22	4.35	8.09
Central	869	125.54	6.22	4.35	8.09
Central	870	125.68	6.22	4.35	8.09
Central	871	125.82	6.22	4.35	8.09
Central	872	125.97	6.22	4.36	8.09
Central	873	126.11	6.22	4.36	8.09
Central	874	126.26	6.23	4.36	8.09
Central	875	126.4	6.23	4.36	8.09
Central	876	126.55	6.23	4.36	8.09
Central	877	126.69	6.23	4.37	8.09
Central	878	126.84	6.23	4.37	8.09
Central	879	126.98	6.23	4.37	8.1
Central	880	127.12	6.23	4.37	8.1
Central	881	127.27	6.24	4.37	8.1
Central	882	127.41	6.24	4.38	8.1
Central	883	127.56	6.24	4.38	8.1
Central	884	127.7	6.24	4.38	8.1
Central	885	127.85	6.24	4.38	8.1
Central	886	127.99	6.24	4.38	8.1
Central	887	128.14	6.24	4.38	8.1
Central	888	128.28	6.25	4.39	8.1
Central	889	128.42	6.25	4.39	8.11
Central	890	128.57	6.25	4.39	8.11
Central	891	128.71	6.25	4.39	8.11
Central	892	128.86	6.25	4.39	8.11
Central	893	129	6.25	4.4	8.11
Central	894	129.15	6.25	4.4	8.11
Central	895	129.29	6.26	4.4	8.11
Central	896	129.44	6.26	4.4	8.11
Central	897	129.58	6.26	4.4	8.11
Central	898	129.73	6.26	4.41	8.11
Central	899	129.87	6.26	4.41	8.11
Central	900	130.01	6.26	4.41	8.12
Central	901	130.16	6.26	4.41	8.12
Central	902	130.3	6.26	4.41	8.12
Central	903	130.45	6.27	4.41	8.12
Central	904	130.59	6.27	4.42	8.12
Central	905	130.74	6.27	4.42	8.12
Central	906	130.88	6.27	4.42	8.12
Central	907	131.03	6.27	4.42	8.12
Central	908	131.17	6.27	4.42	8.12
Central	909	131.31	6.27	4.43	8.12
Central	910	131.46	6.28	4.43	8.13
Central	911	131.6	6.28	4.43	8.13
Central	912	131.75	6.28	4.43	8.13
Central	913	131.89	6.28	4.43	8.13
Central	914	132.04	6.28	4.43	8.13
Central	915	132.18	6.28	4.44	8.13
Central	916	132.33	6.28	4.44	8.13
Central	917	132.47	6.29	4.44	8.13
Central	918	132.61	6.29	4.44	8.13
Central	919	132.76	6.29	4.44	8.13
Central	920	132.9	6.29	4.45	8.14
Central	921	133.05	6.29	4.45	8.14
Central	922	133.19	6.29	4.45	8.14
Central	923	133.34	6.29	4.45	8.14
Central	924	133.48	6.3	4.45	8.14
Central	925	133.63	6.3	4.45	8.14
Central	926	133.77	6.3	4.46	8.14
Central	927	133.91	6.3	4.46	8.14
Central	928	134.06	6.3	4.46	8.14
Central	929	134.2	6.3	4.46	8.14
Central	930	134.35	6.3	4.46	8.15
Central	931	134.49	6.31	4.47	8.15
Central	932	134.64	6.31	4.47	8.15
Central	933	134.78	6.31	4.47	8.15
Central	934	134.93	6.31	4.47	8.15
Central	935	135.07	6.31	4.47	8.15
Central	936	135.21	6.31	4.47	8.15
Central	937	135.36	6.31	4.48	8.15
Central	938	135.5	6.32	4.48	8.15
Central	939	135.65	6.32	4.48	8.15
Central	940	135.79	6.32	4.48	8.16
Central	941	135.94	6.32	4.48	8.16
Central	942	136.08	6.32	4.48	8.16
Central	943	136.23	6.32	4.49	8.16
Central	944	136.37	6.32	4.49	8.16
Central	945	136.51	6.33	4.49	8.16
Central	946	136.66	6.33	4.49	8.16
Central	947	136.8	6.33	4.49	8.16
Central	948	136.95	6.33	4.5	8.16
Central	949	137.09	6.33	4.5	8.16
Central	950	137.24	6.33	4.5	8.17
Central	951	137.38	6.33	4.5	8.17
Central	952	137.53	6.34	4.5	8.17
Central	953	137.67	6.34	4.5	8.17
Central	954	137.81	6.34	4.51	8.17
Central	955	137.96	6.34	4.51	8.17
Central	956	138.1	6.34	4.51	8.17
Central	957	138.25	6.34	4.51	8.17
Central	958	138.39	6.34	4.51	8.17
Central	959	138.54	6.34	4.52	8.17
Central	960	138.68	6.35	4.52	8.18
Central	961	138.83	6.35	4.52	8.18
Central	962	138.97	6.35	4.52	8.18
Central	963	139.12	6.35	4.52	8.18
Central	964	139.26	6.35	4.52	8.18
Central	965	139.4	6.35	4.53	8.18
Central	966	139.55	6.35	4.53	8.18
Central	967	139.69	6.36	4.53	8.18
Central	968	139.84	6.36	4.53	8.18
Central	969	139.98	6.36	4.53	8.19
Central	970	140.13	6.36	4.53	8.19
Central	971	140.27	6.36	4.54	8.19
Central	972	140.42	6.36	4.54	8.19
Central	973	140.56	6.36	4.54	8.19
Central	974	140.7	6.37	4.54	8.19
Central	975	140.85	6.37	4.54	8.19
Central	976	140.99	6.37	4.54	8.19
Central	977	141.14	6.37	4.55	8.19
Central	978	141.28	6.37	4.55	8.2
Central	979	141.43	6.37	4.55	8.2
Central	980	141.57	6.37	4.55	8.2
Central	981	141.72	6.38	4.55	8.2
Central	982	141.86	6.38	4.56	8.2
Central	983	142	6.38	4.56	8.2
Central	984	142.15	6.38	4.56	8.2
Central	985	142.29	6.38	4.56	8.2
Central	986	142.44	6.38	4.56	8.2
Central	987	142.58	6.38	4.56	8.2
Central	988	142.73	6.39	4.57	8.21
Central	989	142.87	6.39	4.57	8.21
Central	990	143.02	6.39	4.57	8.21
Central	991	143.16	6.39	4.57	8.21
Central	992	143.3	6.39	4.57	8.21
Central	993	143.45	6.39	4.57	8.21
Central	994	143.59	6.39	4.58	8.21
Central	995	143.74	6.4	4.58	8.21
Central	996	143.88	6.4	4.58	8.21
Central	997	144.03	6.4	4.58	8.22
Central	998	144.17	6.4	4.58	8.22
Central	999	144.32	6.4	4.58	8.22
Central	1000	144.46	6.4	4.59	8.22
Central	1001	144.6	6.4	4.59	8.22
Central	1002	144.75	6.41	4.59	8.22
Central	1003	144.89	6.41	4.59	8.22
Central	1004	145.04	6.41	4.59	8.22
Central	1005	145.18	6.41	4.59	8.22
Central	1006	145.33	6.41	4.6	8.23
Central	1007	145.47	6.41	4.6	8.23
Central	1008	145.62	6.41	4.6	8.23
Central	1009	145.76	6.42	4.6	8.23
Central	1010	145.9	6.42	4.6	8.23
Central	1011	146.05	6.42	4.6	8.23
Central	1012	146.19	6.42	4.61	8.23
Central	1013	146.34	6.42	4.61	8.23
Central	1014	146.48	6.42	4.61	8.23
Central	1015	146.63	6.42	4.61	8.24
Central	1016	146.77	6.42	4.61	8.24
Central	1017	146.92	6.43	4.61	8.24
Central	1018	147.06	6.43	4.62	8.24
Central	1019	147.2	6.43	4.62	8.24
Central	1020	147.35	6.43	4.62	8.24
Central	1021	147.49	6.43	4.62	8.24
Central	1022	147.64	6.43	4.62	8.24
Central	1023	147.78	6.43	4.62	8.25
Central	1024	147.93	6.44	4.63	8.25
Central	1025	148.07	6.44	4.63	8.25
Central	1026	148.22	6.44	4.63	8.25
Central	1027	148.36	6.44	4.63	8.25
Central	1028	148.5	6.44	4.63	8.25
Central	1029	148.65	6.44	4.63	8.25
Central	1030	148.79	6.44	4.64	8.25
Central	1031	148.94	6.45	4.64	8.25
Central	1032	149.08	6.45	4.64	8.26
Central	1033	149.23	6.45	4.64	8.26
Central	1034	149.37	6.45	4.64	8.26
Central	1035	149.52	6.45	4.64	8.26
Central	1036	149.66	6.45	4.65	8.26
Central	1037	149.81	6.45	4.65	8.26
Central	1038	149.95	6.46	4.65	8.26
Central	1039	150.09	6.46	4.65	8.26
Central	1040	150.24	6.46	4.65	8.26
Central	1041	150.38	6.46	4.65	8.27
Central	1042	150.53	6.46	4.66	8.27
Central	1043	150.67	6.46	4.66	8.27
Central	1044	150.82	6.46	4.66	8.27
Central	1045	150.96	6.47	4.66	8.27
Central	1046	151.11	6.47	4.66	8.27
Central	1047	151.25	6.47	4.66	8.27
Central	1048	151.39	6.47	4.67	8.27
Central	1049	151.54	6.47	4.67	8.28
Central	1050	151.68	6.47	4.67	8.28
Central	1051	151.83	6.47	4.67	8.28
Central	1052	151.97	6.48	4.67	8.28
Central	1053	152.12	6.48	4.67	8.28
Central	1054	152.26	6.48	4.68	8.28
Central	1055	152.41	6.48	4.68	8.28
Central	1056	152.55	6.48	4.68	8.28
Central	1057	152.69	6.48	4.68	8.28
Central	1058	152.84	6.48	4.68	8.29
Central	1059	152.98	6.49	4.68	8.29
Central	1060	153.13	6.49	4.68	8.29
Central	1061	153.27	6.49	4.69	8.29
Central	1062	153.42	6.49	4.69	8.29
Central	1063	153.56	6.49	4.69	8.29
Central	1064	153.71	6.49	4.69	8.29
Central	1065	153.85	6.49	4.69	8.29
Central	1066	153.99	6.5	4.69	8.3
Central	1067	154.14	6.5	4.7	8.3
Central	1068	154.28	6.5	4.7	8.3
Central	1069	154.43	6.5	4.7	8.3
Central	1070	154.57	6.5	4.7	8.3
Central	1071	154.72	6.5	4.7	8.3
Central	1072	154.86	6.5	4.7	8.3
Central	1073	155.01	6.5	4.71	8.3
Central	1074	155.15	6.51	4.71	8.31
Central	1075	155.29	6.51	4.71	8.31
Central	1076	155.44	6.51	4.71	8.31
Central	1077	155.58	6.51	4.71	8.31
Central	1078	155.73	6.51	4.71	8.31
Central	1079	155.87	6.51	4.72	8.31
Central	1080	156.02	6.51	4.72	8.31
Central	1081	156.16	6.52	4.72	8.31
Central	1082	156.31	6.52	4.72	8.32
Central	1083	156.45	6.52	4.72	8.32
Central	1084	156.59	6.52	4.72	8.32
Central	1085	156.74	6.52	4.72	8.32
Central	1086	156.88	6.52	4.73	8.32
Central	1087	157.03	6.52	4.73	8.32
Central	1088	157.17	6.53	4.73	8.32
Central	1089	157.32	6.53	4.73	8.32
Central	1090	157.46	6.53	4.73	8.33
Central	1091	157.61	6.53	4.73	8.33
Central	1092	157.75	6.53	4.74	8.33
Central	1093	157.89	6.53	4.74	8.33
Central	1094	158.04	6.53	4.74	8.33
Central	1095	158.18	6.54	4.74	8.33
Central	1096	158.33	6.54	4.74	8.33
Central	1097	158.47	6.54	4.74	8.33
Central	1098	158.62	6.54	4.74	8.34
Central	1099	158.76	6.54	4.75	8.34
Central	1100	158.91	6.54	4.75	8.34
Central	1101	159.05	6.54	4.75	8.34
Central	1102	159.19	6.55	4.75	8.34
Central	1103	159.34	6.55	4.75	8.34
Central	1104	159.48	6.55	4.75	8.34
Central	1105	159.63	6.55	4.76	8.34
Central	1106	159.77	6.55	4.76	8.35
Central	1107	159.92	6.55	4.76	8.35
Central	1108	160.06	6.55	4.76	8.35
Central	1109	160.21	6.56	4.76	8.35
Central	1110	160.35	6.56	4.76	8.35
Central	1111	160.5	6.56	4.76	8.35
Central	1112	160.64	6.56	4.77	8.35
Central	1113	160.78	6.56	4.77	8.35
Central	1114	160.93	6.56	4.77	8.36
Central	1115	161.07	6.56	4.77	8.36
Central	1116	161.22	6.57	4.77	8.36
Central	1117	161.36	6.57	4.77	8.36
Central	1118	161.51	6.57	4.78	8.36
Central	1119	161.65	6.57	4.78	8.36
Central	1120	161.8	6.57	4.78	8.36
Central	1121	161.94	6.57	4.78	8.36
Central	1122	162.08	6.57	4.78	8.37
Central	1123	162.23	6.58	4.78	8.37
Central	1124	162.37	6.58	4.78	8.37
Central	1125	162.52	6.58	4.79	8.37
Central	1126	162.66	6.58	4.79	8.37
Central	1127	162.81	6.58	4.79	8.37
Central	1128	162.95	6.58	4.79	8.37
Central	1129	163.1	6.58	4.79	8.37
Central	1130	163.24	6.58	4.79	8.38
Central	1131	163.38	6.59	4.79	8.38
Central	1132	163.53	6.59	4.8	8.38
Central	1133	163.67	6.59	4.8	8.38
Central	1134	163.82	6.59	4.8	8.38
Central	1135	163.96	6.59	4.8	8.38
Central	1136	164.11	6.59	4.8	8.38
Central	1137	164.25	6.59	4.8	8.39
Central	1138	164.4	6.6	4.81	8.39
Central	1139	164.54	6.6	4.81	8.39
Central	1140	164.68	6.6	4.81	8.39
Central	1141	164.83	6.6	4.81	8.39
Central	1142	164.97	6.6	4.81	8.39
Central	1143	165.12	6.6	4.81	8.39
Central	1144	165.26	6.6	4.81	8.39
Central	1145	165.41	6.61	4.82	8.4
Central	1146	165.55	6.61	4.82	8.4
Central	1147	165.7	6.61	4.82	8.4
Central	1148	165.84	6.61	4.82	8.4
Central	1149	165.98	6.61	4.82	8.4
Central	1150	166.13	6.61	4.82	8.4
Central	1151	166.27	6.61	4.82	8.4
Central	1152	166.42	6.62	4.83	8.41
Central	1153	166.56	6.62	4.83	8.41
Central	1154	166.71	6.62	4.83	8.41
Central	1155	166.85	6.62	4.83	8.41
Central	1156	167	6.62	4.83	8.41
Central	1157	167.14	6.62	4.83	8.41
Central	1158	167.28	6.62	4.83	8.41
Central	1159	167.43	6.63	4.84	8.41
Central	1160	167.57	6.63	4.84	8.42
Central	1161	167.72	6.63	4.84	8.42
Central	1162	167.86	6.63	4.84	8.42
Central	1163	168.01	6.63	4.84	8.42
Central	1164	168.15	6.63	4.84	8.42
Central	1165	168.3	6.63	4.84	8.42
Central	1166	168.44	6.64	4.85	8.42
Central	1167	168.58	6.64	4.85	8.43
Central	1168	168.73	6.64	4.85	8.43
Central	1169	168.87	6.64	4.85	8.43
Central	1170	169.02	6.64	4.85	8.43
Central	1171	169.16	6.64	4.85	8.43
Central	1172	169.31	6.64	4.85	8.43
Central	1173	169.45	6.65	4.86	8.43
Central	1174	169.6	6.65	4.86	8.44
Central	1175	169.74	6.65	4.86	8.44
Central	1176	169.88	6.65	4.86	8.44
Central	1177	170.03	6.65	4.86	8.44
Central	1178	170.17	6.65	4.86	8.44
Central	1179	170.32	6.65	4.86	8.44
Central	1180	170.46	6.65	4.87	8.44
Central	1181	170.61	6.66	4.87	8.45
Central	1182	170.75	6.66	4.87	8.45
Central	1183	170.9	6.66	4.87	8.45
Central	1184	171.04	6.66	4.87	8.45
Central	1185	171.19	6.66	4.87	8.45
Central	1186	171.33	6.66	4.87	8.45
Central	1187	171.47	6.66	4.88	8.45
Central	1188	171.62	6.67	4.88	8.45
Central	1189	171.76	6.67	4.88	8.46
Central	1190	171.91	6.67	4.88	8.46
Central	1191	172.05	6.67	4.88	8.46
Central	1192	172.2	6.67	4.88	8.46
Central	1193	172.34	6.67	4.88	8.46
Central	1194	172.49	6.67	4.89	8.46
Central	1195	172.63	6.68	4.89	8.46
Central	1196	172.77	6.68	4.89	8.47
Central	1197	172.92	6.68	4.89	8.47
Central	1198	173.06	6.68	4.89	8.47
Central	1199	173.21	6.68	4.89	8.47
Central	1200	173.35	6.68	4.89	8.47
Central	1201	173.5	6.68	4.9	8.47
Central	1202	173.64	6.69	4.9	8.47
Central	1203	173.79	6.69	4.9	8.48
Central	1204	173.93	6.69	4.9	8.48
Central	1205	174.07	6.69	4.9	8.48
Central	1206	174.22	6.69	4.9	8.48
Central	1207	174.36	6.69	4.9	8.48
Central	1208	174.51	6.69	4.91	8.48
Central	1209	174.65	6.7	4.91	8.48
Central	1210	174.8	6.7	4.91	8.49
Central	1211	174.94	6.7	4.91	8.49
Central	1212	175.09	6.7	4.91	8.49
Central	1213	175.23	6.7	4.91	8.49
Central	1214	175.37	6.7	4.91	8.49
Central	1215	175.52	6.7	4.91	8.49
Central	1216	175.66	6.71	4.92	8.49
Central	1217	175.81	6.71	4.92	8.5
Central	1218	175.95	6.71	4.92	8.5
Central	1219	176.1	6.71	4.92	8.5
Central	1220	176.24	6.71	4.92	8.5
Central	1221	176.39	6.71	4.92	8.5
Central	1222	176.53	6.71	4.92	8.5
Central	1223	176.67	6.72	4.93	8.5
Central	1224	176.82	6.72	4.93	8.51
Central	1225	176.96	6.72	4.93	8.51
Central	1226	177.11	6.72	4.93	8.51
Central	1227	177.25	6.72	4.93	8.51
Central	1228	177.4	6.72	4.93	8.51
Central	1229	177.54	6.72	4.93	8.51
Central	1230	177.69	6.73	4.94	8.52
Central	1231	177.83	6.73	4.94	8.52
Central	1232	177.97	6.73	4.94	8.52
Central	1233	178.12	6.73	4.94	8.52
Central	1234	178.26	6.73	4.94	8.52
Central	1235	178.41	6.73	4.94	8.52
Central	1236	178.55	6.73	4.94	8.52
Central	1237	178.7	6.73	4.94	8.53
Central	1238	178.84	6.74	4.95	8.53
Central	1239	178.99	6.74	4.95	8.53
Central	1240	179.13	6.74	4.95	8.53
Central	1241	179.27	6.74	4.95	8.53
Central	1242	179.42	6.74	4.95	8.53
Central	1243	179.56	6.74	4.95	8.53
Central	1244	179.71	6.74	4.95	8.54
Central	1245	179.85	6.75	4.95	8.54
Central	1246	180	6.75	4.96	8.54
Central	1247	180.14	6.75	4.96	8.54
Central	1248	180.29	6.75	4.96	8.54
Central	1249	180.43	6.75	4.96	8.54
Central	1250	180.58	6.75	4.96	8.54
Central	1251	180.72	6.75	4.96	8.55
Central	1252	180.86	6.76	4.96	8.55
Central	1253	181.01	6.76	4.97	8.55
Central	1254	181.15	6.76	4.97	8.55
Central	1255	181.3	6.76	4.97	8.55
Central	1256	181.44	6.76	4.97	8.55
Central	1257	181.59	6.76	4.97	8.56
Central	1258	181.73	6.76	4.97	8.56
Central	1259	181.88	6.77	4.97	8.56
Central	1260	182.02	6.77	4.97	8.56
Central	1261	182.16	6.77	4.98	8.56
Central	1262	182.31	6.77	4.98	8.56
Central	1263	182.45	6.77	4.98	8.56
Central	1264	182.6	6.77	4.98	8.57
Central	1265	182.74	6.77	4.98	8.57
Central	1266	182.89	6.78	4.98	8.57
Central	1267	183.03	6.78	4.98	8.57
Central	1268	183.18	6.78	4.98	8.57
Central	1269	183.32	6.78	4.99	8.57
Central	1270	183.46	6.78	4.99	8.58
Central	1271	183.61	6.78	4.99	8.58
Central	1272	183.75	6.78	4.99	8.58
Central	1273	183.9	6.79	4.99	8.58
Central	1274	184.04	6.79	4.99	8.58
Central	1275	184.19	6.79	4.99	8.58
Central	1276	184.33	6.79	4.99	8.58
Central	1277	184.48	6.79	5	8.59
Central	1278	184.62	6.79	5	8.59
Central	1279	184.76	6.79	5	8.59
Central	1280	184.91	6.8	5	8.59
Central	1281	185.05	6.8	5	8.59
Central	1282	185.2	6.8	5	8.59
Central	1283	185.34	6.8	5	8.6
Central	1284	185.49	6.8	5	8.6
Central	1285	185.63	6.8	5.01	8.6
Central	1286	185.78	6.8	5.01	8.6
Central	1287	185.92	6.81	5.01	8.6
Central	1288	186.06	6.81	5.01	8.6
Central	1289	186.21	6.81	5.01	8.6
Central	1290	186.35	6.81	5.01	8.61
Central	1291	186.5	6.81	5.01	8.61
Central	1292	186.64	6.81	5.01	8.61
Central	1293	186.79	6.81	5.02	8.61
Central	1294	186.93	6.81	5.02	8.61
Central	1295	187.08	6.82	5.02	8.61
Central	1296	187.22	6.82	5.02	8.62
Central	1297	187.36	6.82	5.02	8.62
Central	1298	187.51	6.82	5.02	8.62
Central	1299	187.65	6.82	5.02	8.62
Central	1300	187.8	6.82	5.02	8.62
Central	1301	187.94	6.82	5.03	8.62
Central	1302	188.09	6.83	5.03	8.62
Central	1303	188.23	6.83	5.03	8.63
Central	1304	188.38	6.83	5.03	8.63
Central	1305	188.52	6.83	5.03	8.63
Central	1306	188.66	6.83	5.03	8.63
Central	1307	188.81	6.83	5.03	8.63
Central	1308	188.95	6.83	5.03	8.63
Central	1309	189.1	6.84	5.04	8.64
Central	1310	189.24	6.84	5.04	8.64
Central	1311	189.39	6.84	5.04	8.64
Central	1312	189.53	6.84	5.04	8.64
Central	1313	189.68	6.84	5.04	8.64
Central	1314	189.82	6.84	5.04	8.64
Central	1315	189.96	6.84	5.04	8.65
Central	1316	190.11	6.85	5.04	8.65
Central	1317	190.25	6.85	5.05	8.65
Central	1318	190.4	6.85	5.05	8.65
Central	1319	190.54	6.85	5.05	8.65
Central	1320	190.69	6.85	5.05	8.65
Central	1321	190.83	6.85	5.05	8.66
Central	1322	190.98	6.85	5.05	8.66
Central	1323	191.12	6.86	5.05	8.66
Central	1324	191.27	6.86	5.05	8.66
Central	1325	191.41	6.86	5.05	8.66
Central	1326	191.55	6.86	5.06	8.66
Central	1327	191.7	6.86	5.06	8.66
Central	1328	191.84	6.86	5.06	8.67
Central	1329	191.99	6.86	5.06	8.67
Central	1330	192.13	6.87	5.06	8.67
Central	1331	192.28	6.87	5.06	8.67
Central	1332	192.42	6.87	5.06	8.67
Central	1333	192.57	6.87	5.06	8.67
Central	1334	192.71	6.87	5.07	8.68
Central	1335	192.85	6.87	5.07	8.68
Central	1336	193	6.87	5.07	8.68
Central	1337	193.14	6.88	5.07	8.68
Central	1338	193.29	6.88	5.07	8.68
Central	1339	193.43	6.88	5.07	8.68
Central	1340	193.58	6.88	5.07	8.69
Central	1341	193.72	6.88	5.07	8.69
Central	1342	193.87	6.88	5.07	8.69
Central	1343	194.01	6.88	5.08	8.69
Central	1344	194.15	6.88	5.08	8.69
Central	1345	194.3	6.89	5.08	8.69
Central	1346	194.44	6.89	5.08	8.7
Central	1347	194.59	6.89	5.08	8.7
Central	1348	194.73	6.89	5.08	8.7
Central	1349	194.88	6.89	5.08	8.7
Central	1350	195.02	6.89	5.08	8.7
Central	1351	195.17	6.89	5.09	8.7
Central	1352	195.31	6.9	5.09	8.71
Central	1353	195.45	6.9	5.09	8.71
Central	1354	195.6	6.9	5.09	8.71
Central	1355	195.74	6.9	5.09	8.71
Central	1356	195.89	6.9	5.09	8.71
Central	1357	196.03	6.9	5.09	8.71
Central	1358	196.18	6.9	5.09	8.72
Central	1359	196.32	6.91	5.09	8.72
Central	1360	196.47	6.91	5.1	8.72
Central	1361	196.61	6.91	5.1	8.72
Central	1362	196.75	6.91	5.1	8.72
Central	1363	196.9	6.91	5.1	8.72
Central	1364	197.04	6.91	5.1	8.73
Central	1365	197.19	6.91	5.1	8.73
Central	1366	197.33	6.92	5.1	8.73
Central	1367	197.48	6.92	5.1	8.73
Central	1368	197.62	6.92	5.1	8.73
Central	1369	197.77	6.92	5.11	8.73
Central	1370	197.91	6.92	5.11	8.74
Central	1371	198.05	6.92	5.11	8.74
Central	1372	198.2	6.92	5.11	8.74
Central	1373	198.34	6.93	5.11	8.74
Central	1374	198.49	6.93	5.11	8.74
Central	1375	198.63	6.93	5.11	8.74
Central	1376	198.78	6.93	5.11	8.75
Central	1377	198.92	6.93	5.11	8.75
Central	1378	199.07	6.93	5.12	8.75
Central	1379	199.21	6.93	5.12	8.75
Central	1380	199.35	6.94	5.12	8.75
Central	1381	199.5	6.94	5.12	8.75
Central	1382	199.64	6.94	5.12	8.76
Central	1383	199.79	6.94	5.12	8.76
Central	1384	199.93	6.94	5.12	8.76
Central	1385	200.08	6.94	5.12	8.76
Central	1386	200.22	6.94	5.12	8.76
Central	1387	200.37	6.95	5.13	8.76
Central	1388	200.51	6.95	5.13	8.77
Central	1389	200.65	6.95	5.13	8.77
Central	1390	200.8	6.95	5.13	8.77
Central	1391	200.94	6.95	5.13	8.77
Central	1392	201.09	6.95	5.13	8.77
Central	1393	201.23	6.95	5.13	8.78
Central	1394	201.38	6.96	5.13	8.78
Central	1395	201.52	6.96	5.13	8.78
Central	1396	201.67	6.96	5.14	8.78
Central	1397	201.81	6.96	5.14	8.78
Central	1398	201.96	6.96	5.14	8.78
Central	1399	202.1	6.96	5.14	8.79
Central	1400	202.24	6.96	5.14	8.79
Central	1401	202.39	6.96	5.14	8.79
Central	1402	202.53	6.97	5.14	8.79
Central	1403	202.68	6.97	5.14	8.79
Central	1404	202.82	6.97	5.14	8.79
Central	1405	202.97	6.97	5.15	8.8
Central	1406	203.11	6.97	5.15	8.8
Central	1407	203.26	6.97	5.15	8.8
Central	1408	203.4	6.97	5.15	8.8
Central	1409	203.54	6.98	5.15	8.8
Central	1410	203.69	6.98	5.15	8.8
Central	1411	203.83	6.98	5.15	8.81
Central	1412	203.98	6.98	5.15	8.81
Central	1413	204.12	6.98	5.15	8.81
Central	1414	204.27	6.98	5.15	8.81
Central	1415	204.41	6.98	5.16	8.81
Central	1416	204.56	6.99	5.16	8.82
Central	1417	204.7	6.99	5.16	8.82
Central	1418	204.84	6.99	5.16	8.82
Central	1419	204.99	6.99	5.16	8.82
Central	1420	205.13	6.99	5.16	8.82
Central	1421	205.28	6.99	5.16	8.82
Central	1422	205.42	6.99	5.16	8.83
Central	1423	205.57	7	5.16	8.83
Central	1424	205.71	7	5.17	8.83
Central	1425	205.86	7	5.17	8.83
Central	1426	206	7	5.17	8.83
Eastern	1	0.03	0.02	0.01	0.04
Eastern	2	0.06	0.05	0.02	0.08
Eastern	3	0.09	0.07	0.03	0.12
Eastern	4	0.12	0.1	0.04	0.16
Eastern	5	0.15	0.12	0.05	0.2
Eastern	6	0.18	0.14	0.05	0.23
Eastern	7	0.21	0.17	0.06	0.27
Eastern	8	0.23	0.19	0.07	0.31
Eastern	9	0.26	0.21	0.08	0.35
Eastern	10	0.29	0.24	0.09	0.38
Eastern	11	0.32	0.26	0.1	0.42
Eastern	12	0.35	0.28	0.11	0.46
Eastern	13	0.38	0.31	0.12	0.49
Eastern	14	0.41	0.33	0.13	0.53
Eastern	15	0.44	0.35	0.14	0.57
Eastern	16	0.47	0.37	0.15	0.6
Eastern	17	0.5	0.4	0.16	0.64
Eastern	18	0.53	0.42	0.17	0.67
Eastern	19	0.56	0.44	0.18	0.7
Eastern	20	0.59	0.46	0.19	0.74
Eastern	21	0.62	0.48	0.2	0.77
Eastern	22	0.65	0.51	0.21	0.81
Eastern	23	0.67	0.53	0.22	0.84
Eastern	24	0.7	0.55	0.23	0.87
Eastern	25	0.73	0.57	0.24	0.91
Eastern	26	0.76	0.59	0.24	0.94
Eastern	27	0.79	0.61	0.25	0.97
Eastern	28	0.82	0.63	0.26	1
Eastern	29	0.85	0.65	0.27	1.03
Eastern	30	0.88	0.67	0.28	1.06
Eastern	31	0.91	0.69	0.29	1.1
Eastern	32	0.94	0.72	0.3	1.13
Eastern	33	0.97	0.74	0.31	1.16
Eastern	34	1	0.76	0.32	1.19
Eastern	35	1.03	0.78	0.33	1.22
Eastern	36	1.06	0.8	0.34	1.25
Eastern	37	1.09	0.82	0.35	1.28
Eastern	38	1.11	0.84	0.36	1.31
Eastern	39	1.14	0.85	0.38	1.33
Eastern	40	1.17	0.87	0.39	1.36
Eastern	41	1.2	0.89	0.4	1.39
Eastern	42	1.23	0.91	0.41	1.42
Eastern	43	1.26	0.93	0.42	1.45
Eastern	44	1.29	0.95	0.43	1.48
Eastern	45	1.32	0.97	0.44	1.5
Eastern	46	1.35	0.99	0.45	1.53
Eastern	47	1.38	1.01	0.46	1.56
Eastern	48	1.41	1.03	0.47	1.58
Eastern	49	1.44	1.04	0.48	1.61
Eastern	50	1.47	1.06	0.49	1.64
Eastern	51	1.5	1.08	0.5	1.66
Eastern	52	1.53	1.1	0.51	1.69
Eastern	53	1.56	1.12	0.52	1.72
Eastern	54	1.58	1.14	0.53	1.74
Eastern	55	1.61	1.15	0.54	1.77
Eastern	56	1.64	1.17	0.55	1.79
Eastern	57	1.67	1.19	0.56	1.82
Eastern	58	1.7	1.21	0.57	1.84
Eastern	59	1.73	1.22	0.58	1.86
Eastern	60	1.76	1.24	0.59	1.89
Eastern	61	1.79	1.26	0.6	1.91
Eastern	62	1.82	1.27	0.61	1.94
Eastern	63	1.85	1.29	0.62	1.96
Eastern	64	1.88	1.31	0.63	1.98
Eastern	65	1.91	1.33	0.64	2.01
Eastern	66	1.94	1.34	0.66	2.03
Eastern	67	1.97	1.36	0.67	2.05
Eastern	68	2	1.38	0.68	2.08
Eastern	69	2.02	1.39	0.69	2.1
Eastern	70	2.05	1.41	0.7	2.12
Eastern	71	2.08	1.42	0.71	2.14
Eastern	72	2.11	1.44	0.72	2.16
Eastern	73	2.14	1.46	0.73	2.19
Eastern	74	2.17	1.47	0.74	2.21
Eastern	75	2.2	1.49	0.75	2.23
Eastern	76	2.23	1.51	0.76	2.25
Eastern	77	2.26	1.52	0.77	2.27
Eastern	78	2.29	1.54	0.78	2.29
Eastern	79	2.32	1.55	0.79	2.31
Eastern	80	2.35	1.57	0.8	2.33
Eastern	81	2.38	1.58	0.81	2.35
Eastern	82	2.41	1.6	0.82	2.37
Eastern	83	2.44	1.61	0.83	2.39
Eastern	84	2.46	1.63	0.84	2.41
Eastern	85	2.49	1.64	0.86	2.43
Eastern	86	2.52	1.66	0.87	2.45
Eastern	87	2.55	1.67	0.88	2.47
Eastern	88	2.58	1.69	0.89	2.49
Eastern	89	2.61	1.7	0.9	2.51
Eastern	90	2.64	1.72	0.91	2.53
Eastern	91	2.67	1.73	0.92	2.55
Eastern	92	2.7	1.75	0.93	2.56
Eastern	93	2.73	1.76	0.94	2.58
Eastern	94	2.76	1.78	0.95	2.6
Eastern	95	2.79	1.79	0.96	2.62
Eastern	96	2.82	1.8	0.97	2.64
Eastern	97	2.85	1.82	0.98	2.65
Eastern	98	2.88	1.83	0.99	2.67
Eastern	99	2.9	1.85	1	2.69
Eastern	100	2.93	1.86	1.01	2.71
Eastern	101	2.96	1.87	1.02	2.72
Eastern	102	2.99	1.89	1.03	2.74
Eastern	103	3.02	1.9	1.04	2.76
Eastern	104	3.05	1.91	1.06	2.77
Eastern	105	3.08	1.93	1.07	2.79
Eastern	106	3.11	1.94	1.08	2.81
Eastern	107	3.14	1.95	1.09	2.82
Eastern	108	3.17	1.97	1.1	2.84
Eastern	109	3.2	1.98	1.11	2.85
Eastern	110	3.23	1.99	1.12	2.87
Eastern	111	3.26	2.01	1.13	2.89
Eastern	112	3.29	2.02	1.14	2.9
Eastern	113	3.32	2.03	1.15	2.92
Eastern	114	3.34	2.05	1.16	2.93
Eastern	115	3.37	2.06	1.17	2.95
Eastern	116	3.4	2.07	1.18	2.96
Eastern	117	3.43	2.08	1.19	2.98
Eastern	118	3.46	2.1	1.2	2.99
Eastern	119	3.49	2.11	1.21	3.01
Eastern	120	3.52	2.12	1.22	3.02
Eastern	121	3.55	2.13	1.23	3.04
Eastern	122	3.58	2.15	1.24	3.05
Eastern	123	3.61	2.16	1.25	3.07
Eastern	124	3.64	2.17	1.26	3.08
Eastern	125	3.67	2.18	1.27	3.09
Eastern	126	3.7	2.19	1.28	3.11
Eastern	127	3.73	2.21	1.29	3.12
Eastern	128	3.76	2.22	1.3	3.13
Eastern	129	3.78	2.23	1.31	3.15
Eastern	130	3.81	2.24	1.32	3.16
Eastern	131	3.84	2.25	1.33	3.18
Eastern	132	3.87	2.27	1.34	3.19
Eastern	133	3.9	2.28	1.35	3.2
Eastern	134	3.93	2.29	1.36	3.21
Eastern	135	3.96	2.3	1.37	3.23
Eastern	136	3.99	2.31	1.38	3.24
Eastern	137	4.02	2.32	1.39	3.25
Eastern	138	4.05	2.33	1.4	3.27
Eastern	139	4.08	2.35	1.41	3.28
Eastern	140	4.11	2.36	1.42	3.29
Eastern	141	4.14	2.37	1.43	3.3
Eastern	142	4.17	2.38	1.44	3.32
Eastern	143	4.2	2.39	1.45	3.33
Eastern	144	4.22	2.4	1.46	3.34
Eastern	145	4.25	2.41	1.47	3.35
Eastern	146	4.28	2.42	1.48	3.36
Eastern	147	4.31	2.43	1.49	3.38
Eastern	148	4.34	2.44	1.5	3.39
Eastern	149	4.37	2.45	1.51	3.4
Eastern	150	4.4	2.47	1.52	3.41
Eastern	151	4.43	2.48	1.53	3.42
Eastern	152	4.46	2.49	1.54	3.43
Eastern	153	4.49	2.5	1.55	3.44
Eastern	154	4.52	2.51	1.56	3.46
Eastern	155	4.55	2.52	1.57	3.47
Eastern	156	4.58	2.53	1.58	3.48
Eastern	157	4.61	2.54	1.59	3.49
Eastern	158	4.64	2.55	1.6	3.5
Eastern	159	4.67	2.56	1.61	3.51
Eastern	160	4.69	2.57	1.62	3.52
Eastern	161	4.72	2.58	1.63	3.53
Eastern	162	4.75	2.59	1.64	3.54
Eastern	163	4.78	2.6	1.64	3.55
Eastern	164	4.81	2.61	1.65	3.56
Eastern	165	4.84	2.62	1.66	3.57
Eastern	166	4.87	2.63	1.67	3.58
Eastern	167	4.9	2.64	1.68	3.59
Eastern	168	4.93	2.65	1.69	3.6
Eastern	169	4.96	2.66	1.7	3.61
Eastern	170	4.99	2.67	1.71	3.62
Eastern	171	5.02	2.68	1.72	3.63
Eastern	172	5.05	2.69	1.73	3.64
Eastern	173	5.08	2.7	1.74	3.65
Eastern	174	5.11	2.7	1.75	3.66
Eastern	175	5.13	2.71	1.76	3.67
Eastern	176	5.16	2.72	1.76	3.68
Eastern	177	5.19	2.73	1.77	3.69
Eastern	178	5.22	2.74	1.78	3.7
Eastern	179	5.25	2.75	1.79	3.71
Eastern	180	5.28	2.76	1.8	3.72
Eastern	181	5.31	2.77	1.81	3.73
Eastern	182	5.34	2.78	1.82	3.74
Eastern	183	5.37	2.79	1.83	3.75
Eastern	184	5.4	2.8	1.84	3.76
Eastern	185	5.43	2.81	1.84	3.77
Eastern	186	5.46	2.81	1.85	3.77
Eastern	187	5.49	2.82	1.86	3.78
Eastern	188	5.52	2.83	1.87	3.79
Eastern	189	5.55	2.84	1.88	3.8
Eastern	190	5.57	2.85	1.89	3.81
Eastern	191	5.6	2.86	1.9	3.82
Eastern	192	5.63	2.87	1.91	3.83
Eastern	193	5.66	2.88	1.91	3.84
Eastern	194	5.69	2.88	1.92	3.84
Eastern	195	5.72	2.89	1.93	3.85
Eastern	196	5.75	2.9	1.94	3.86
Eastern	197	5.78	2.91	1.95	3.87
Eastern	198	5.81	2.92	1.96	3.88
Eastern	199	5.84	2.93	1.96	3.89
Eastern	200	5.87	2.93	1.97	3.89
Eastern	201	5.9	2.94	1.98	3.9
Eastern	202	5.93	2.95	1.99	3.91
Eastern	203	5.96	2.96	2	3.92
Eastern	204	5.99	2.97	2.01	3.93
Eastern	205	6.01	2.97	2.01	3.93
Eastern	206	6.04	2.98	2.02	3.94
Eastern	207	6.07	2.99	2.03	3.95
Eastern	208	6.1	3	2.04	3.96
Eastern	209	6.13	3.01	2.05	3.97
Eastern	210	6.16	3.01	2.06	3.97
Eastern	211	6.19	3.02	2.06	3.98
Eastern	212	6.22	3.03	2.07	3.99
Eastern	213	6.25	3.04	2.08	4
Eastern	214	6.28	3.05	2.09	4
Eastern	215	6.31	3.05	2.1	4.01
Eastern	216	6.34	3.06	2.1	4.02
Eastern	217	6.37	3.07	2.11	4.03
Eastern	218	6.4	3.08	2.12	4.03
Eastern	219	6.43	3.08	2.13	4.04
Eastern	220	6.45	3.09	2.13	4.05
Eastern	221	6.48	3.1	2.14	4.06
Eastern	222	6.51	3.11	2.15	4.06
Eastern	223	6.54	3.11	2.16	4.07
Eastern	224	6.57	3.12	2.16	4.08
Eastern	225	6.6	3.13	2.17	4.08
Eastern	226	6.63	3.14	2.18	4.09
Eastern	227	6.66	3.14	2.19	4.1
Eastern	228	6.69	3.15	2.2	4.11
Eastern	229	6.72	3.16	2.2	4.11
Eastern	230	6.75	3.16	2.21	4.12
Eastern	231	6.78	3.17	2.22	4.13
Eastern	232	6.81	3.18	2.22	4.13
Eastern	233	6.84	3.19	2.23	4.14
Eastern	234	6.87	3.19	2.24	4.15
Eastern	235	6.89	3.2	2.25	4.15
Eastern	236	6.92	3.21	2.25	4.16
Eastern	237	6.95	3.21	2.26	4.17
Eastern	238	6.98	3.22	2.27	4.17
Eastern	239	7.01	3.23	2.28	4.18
Eastern	240	7.04	3.23	2.28	4.19
Eastern	241	7.07	3.24	2.29	4.19
Eastern	242	7.1	3.25	2.3	4.2
Eastern	243	7.13	3.26	2.3	4.21
Eastern	244	7.16	3.26	2.31	4.21
Eastern	245	7.19	3.27	2.32	4.22
Eastern	246	7.22	3.28	2.32	4.23
Eastern	247	7.25	3.28	2.33	4.23
Eastern	248	7.28	3.29	2.34	4.24
Eastern	249	7.31	3.3	2.35	4.24
Eastern	250	7.33	3.3	2.35	4.25
Eastern	251	7.36	3.31	2.36	4.26
Eastern	252	7.39	3.31	2.37	4.26
Eastern	253	7.42	3.32	2.37	4.27
Eastern	254	7.45	3.33	2.38	4.28
Eastern	255	7.48	3.33	2.39	4.28
Eastern	256	7.51	3.34	2.39	4.29
Eastern	257	7.54	3.35	2.4	4.29
Eastern	258	7.57	3.35	2.41	4.3
Eastern	259	7.6	3.36	2.41	4.31
Eastern	260	7.63	3.37	2.42	4.31
Eastern	261	7.66	3.37	2.43	4.32
Eastern	262	7.69	3.38	2.43	4.32
Eastern	263	7.72	3.38	2.44	4.33
Eastern	264	7.75	3.39	2.44	4.34
Eastern	265	7.78	3.4	2.45	4.34
Eastern	266	7.8	3.4	2.46	4.35
Eastern	267	7.83	3.41	2.46	4.35
Eastern	268	7.86	3.41	2.47	4.36
Eastern	269	7.89	3.42	2.48	4.36
Eastern	270	7.92	3.43	2.48	4.37
Eastern	271	7.95	3.43	2.49	4.38
Eastern	272	7.98	3.44	2.49	4.38
Eastern	273	8.01	3.44	2.5	4.39
Eastern	274	8.04	3.45	2.51	4.39
Eastern	275	8.07	3.46	2.51	4.4
Eastern	276	8.1	3.46	2.52	4.4
Eastern	277	8.13	3.47	2.52	4.41
Eastern	278	8.16	3.47	2.53	4.41
Eastern	279	8.19	3.48	2.54	4.42
Eastern	280	8.22	3.48	2.54	4.42
Eastern	281	8.24	3.49	2.55	4.43
Eastern	282	8.27	3.49	2.55	4.44
Eastern	283	8.3	3.5	2.56	4.44
Eastern	284	8.33	3.51	2.57	4.45
Eastern	285	8.36	3.51	2.57	4.45
Eastern	286	8.39	3.52	2.58	4.46
Eastern	287	8.42	3.52	2.58	4.46
Eastern	288	8.45	3.53	2.59	4.47
Eastern	289	8.48	3.53	2.59	4.47
Eastern	290	8.51	3.54	2.6	4.48
Eastern	291	8.54	3.54	2.61	4.48
Eastern	292	8.57	3.55	2.61	4.49
Eastern	293	8.6	3.55	2.62	4.49
Eastern	294	8.63	3.56	2.62	4.5
Eastern	295	8.66	3.57	2.63	4.5
Eastern	296	8.68	3.57	2.63	4.51
Eastern	297	8.71	3.58	2.64	4.51
Eastern	298	8.74	3.58	2.64	4.52
Eastern	299	8.77	3.59	2.65	4.52
Eastern	300	8.8	3.59	2.65	4.53
Eastern	301	8.83	3.6	2.66	4.53
Eastern	302	8.86	3.6	2.66	4.54
Eastern	303	8.89	3.61	2.67	4.54
Eastern	304	8.92	3.61	2.68	4.55
Eastern	305	8.95	3.62	2.68	4.55
Eastern	306	8.98	3.62	2.69	4.56
Eastern	307	9.01	3.63	2.69	4.56
Eastern	308	9.04	3.63	2.7	4.57
Eastern	309	9.07	3.64	2.7	4.57
Eastern	310	9.1	3.64	2.71	4.58
Eastern	311	9.12	3.65	2.71	4.58
Eastern	312	9.15	3.65	2.72	4.59
Eastern	313	9.18	3.66	2.72	4.59
Eastern	314	9.21	3.66	2.73	4.59
Eastern	315	9.24	3.66	2.73	4.6
Eastern	316	9.27	3.67	2.74	4.6
Eastern	317	9.3	3.67	2.74	4.61
Eastern	318	9.33	3.68	2.74	4.61
Eastern	319	9.36	3.68	2.75	4.62
Eastern	320	9.39	3.69	2.75	4.62
Eastern	321	9.42	3.69	2.76	4.63
Eastern	322	9.45	3.7	2.76	4.63
Eastern	323	9.48	3.7	2.77	4.64
Eastern	324	9.51	3.71	2.77	4.64
Eastern	325	9.54	3.71	2.78	4.64
Eastern	326	9.56	3.72	2.78	4.65
Eastern	327	9.59	3.72	2.79	4.65
Eastern	328	9.62	3.72	2.79	4.66
Eastern	329	9.65	3.73	2.8	4.66
Eastern	330	9.68	3.73	2.8	4.67
Eastern	331	9.71	3.74	2.8	4.67
Eastern	332	9.74	3.74	2.81	4.67
Eastern	333	9.77	3.75	2.81	4.68
Eastern	334	9.8	3.75	2.82	4.68
Eastern	335	9.83	3.75	2.82	4.69
Eastern	336	9.86	3.76	2.83	4.69
Eastern	337	9.89	3.76	2.83	4.7
Eastern	338	9.92	3.77	2.83	4.7
Eastern	339	9.95	3.77	2.84	4.7
Eastern	340	9.98	3.77	2.84	4.71
Eastern	341	10	3.78	2.85	4.71
Eastern	342	10.03	3.78	2.85	4.72
Eastern	343	10.06	3.79	2.85	4.72
Eastern	344	10.09	3.79	2.86	4.72
Eastern	345	10.12	3.8	2.86	4.73
Eastern	346	10.15	3.8	2.87	4.73
Eastern	347	10.18	3.8	2.87	4.74
Eastern	348	10.21	3.81	2.87	4.74
Eastern	349	10.24	3.81	2.88	4.74
Eastern	350	10.27	3.81	2.88	4.75
Eastern	351	10.3	3.82	2.89	4.75
Eastern	352	10.33	3.82	2.89	4.76
Eastern	353	10.36	3.83	2.89	4.76
Eastern	354	10.39	3.83	2.9	4.76
Eastern	355	10.42	3.83	2.9	4.77
Eastern	356	10.44	3.84	2.9	4.77
Eastern	357	10.47	3.84	2.91	4.77
Eastern	358	10.5	3.84	2.91	4.78
Eastern	359	10.53	3.85	2.91	4.78
Eastern	360	10.56	3.85	2.92	4.79
Eastern	361	10.59	3.86	2.92	4.79
Eastern	362	10.62	3.86	2.93	4.79
Eastern	363	10.65	3.86	2.93	4.8
Eastern	364	10.68	3.87	2.93	4.8
Eastern	365	10.71	3.87	2.94	4.8
Eastern	366	10.74	3.87	2.94	4.81
Eastern	367	10.77	3.88	2.94	4.81
Eastern	368	10.8	3.88	2.95	4.82
Eastern	369	10.83	3.88	2.95	4.82
Eastern	370	10.86	3.89	2.95	4.82
Eastern	371	10.89	3.89	2.95	4.83
Eastern	372	10.91	3.89	2.96	4.83
Eastern	373	10.94	3.9	2.96	4.83
Eastern	374	10.97	3.9	2.96	4.84
Eastern	375	11	3.9	2.97	4.84
Eastern	376	11.03	3.91	2.97	4.84
Eastern	377	11.06	3.91	2.97	4.85
Eastern	378	11.09	3.91	2.98	4.85
Eastern	379	11.12	3.92	2.98	4.85
Eastern	380	11.15	3.92	2.98	4.86
Eastern	381	11.18	3.92	2.98	4.86
Eastern	382	11.21	3.93	2.99	4.86
Eastern	383	11.24	3.93	2.99	4.87
Eastern	384	11.27	3.93	2.99	4.87
Eastern	385	11.3	3.93	3	4.87
Eastern	386	11.33	3.94	3	4.88
Eastern	387	11.35	3.94	3	4.88
Eastern	388	11.38	3.94	3	4.88
Eastern	389	11.41	3.95	3.01	4.89
Eastern	390	11.44	3.95	3.01	4.89
Eastern	391	11.47	3.95	3.01	4.89
Eastern	392	11.5	3.96	3.01	4.9
Eastern	393	11.53	3.96	3.02	4.9
Eastern	394	11.56	3.96	3.02	4.9
Eastern	395	11.59	3.96	3.02	4.91
Eastern	396	11.62	3.97	3.02	4.91
Eastern	397	11.65	3.97	3.03	4.91
Eastern	398	11.68	3.97	3.03	4.92
Eastern	399	11.71	3.97	3.03	4.92
Eastern	400	11.74	3.98	3.03	4.92
Eastern	401	11.77	3.98	3.03	4.93
Eastern	402	11.79	3.98	3.04	4.93
Eastern	403	11.82	3.98	3.04	4.93
Eastern	404	11.85	3.99	3.04	4.93
Eastern	405	11.88	3.99	3.04	4.94
Eastern	406	11.91	3.99	3.04	4.94
Eastern	407	11.94	4	3.05	4.94
Eastern	408	11.97	4	3.05	4.95
Eastern	409	12	4	3.05	4.95
Western	1	0.01	0.01	0	0.01
Western	2	0.02	0.02	0	0.03
Western	3	0.02	0.02	0	0.04
Western	4	0.03	0.03	0.01	0.05
Western	5	0.04	0.04	0.01	0.07
Western	6	0.05	0.05	0.01	0.08
Western	7	0.05	0.05	0.01	0.1
Western	8	0.06	0.06	0.01	0.11
Western	9	0.07	0.07	0.01	0.12
Western	10	0.08	0.07	0.01	0.14
Western	11	0.08	0.08	0.02	0.15
Western	12	0.09	0.09	0.02	0.16
Western	13	0.1	0.1	0.02	0.18
Western	14	0.11	0.1	0.02	0.19
Western	15	0.11	0.11	0.02	0.2
Western	16	0.12	0.12	0.02	0.22
Western	17	0.13	0.13	0.02	0.23
Western	18	0.14	0.13	0.02	0.24
Western	19	0.14	0.14	0.03	0.26
Western	20	0.15	0.15	0.03	0.27
Western	21	0.16	0.16	0.03	0.28
Western	22	0.17	0.16	0.03	0.3
Western	23	0.17	0.17	0.03	0.31
Western	24	0.18	0.18	0.03	0.32
Western	25	0.19	0.19	0.03	0.34
Western	26	0.2	0.19	0.04	0.35
Western	27	0.2	0.2	0.04	0.36
Western	28	0.21	0.21	0.04	0.38
Western	29	0.22	0.22	0.04	0.39
Western	30	0.23	0.22	0.04	0.4
Western	31	0.23	0.23	0.04	0.42
Western	32	0.24	0.24	0.04	0.43
Western	33	0.25	0.24	0.05	0.44
Western	34	0.26	0.25	0.05	0.46
Western	35	0.26	0.26	0.05	0.47
Western	36	0.27	0.27	0.05	0.48
Western	37	0.28	0.27	0.05	0.49
Western	38	0.29	0.28	0.05	0.51
Western	39	0.29	0.29	0.05	0.52
Western	40	0.3	0.3	0.06	0.53
Western	41	0.31	0.3	0.06	0.55
Western	42	0.32	0.31	0.06	0.56
Western	43	0.32	0.32	0.06	0.57
Western	44	0.33	0.32	0.06	0.59
Western	45	0.34	0.33	0.06	0.6
Western	46	0.35	0.34	0.07	0.61
Western	47	0.35	0.35	0.07	0.62
Western	48	0.36	0.35	0.07	0.64
Western	49	0.37	0.36	0.07	0.65
Western	50	0.38	0.37	0.07	0.66
Western	51	0.38	0.37	0.07	0.68
Western	52	0.39	0.38	0.07	0.69
Western	53	0.4	0.39	0.08	0.7
Western	54	0.41	0.4	0.08	0.71
Western	55	0.41	0.4	0.08	0.73
Western	56	0.42	0.41	0.08	0.74
Western	57	0.43	0.42	0.08	0.75
Western	58	0.44	0.42	0.08	0.77
Western	59	0.44	0.43	0.08	0.78
Western	60	0.45	0.44	0.09	0.79
Western	61	0.46	0.45	0.09	0.8
Western	62	0.47	0.45	0.09	0.82
Western	63	0.47	0.46	0.09	0.83
Western	64	0.48	0.47	0.09	0.84
Western	65	0.49	0.47	0.09	0.85
Western	66	0.5	0.48	0.1	0.87
Western	67	0.5	0.49	0.1	0.88
Western	68	0.51	0.5	0.1	0.89
Western	69	0.52	0.5	0.1	0.9
Western	70	0.53	0.51	0.1	0.92
Western	71	0.53	0.52	0.1	0.93
Western	72	0.54	0.52	0.1	0.94
Western	73	0.55	0.53	0.11	0.95
Western	74	0.56	0.54	0.11	0.97
Western	75	0.56	0.54	0.11	0.98
Western	76	0.57	0.55	0.11	0.99
Western	77	0.58	0.56	0.11	1
Western	78	0.59	0.57	0.11	1.02
Western	79	0.59	0.57	0.12	1.03
Western	80	0.6	0.58	0.12	1.04
Western	81	0.61	0.59	0.12	1.05
Western	82	0.62	0.59	0.12	1.07
Western	83	0.62	0.6	0.12	1.08
Western	84	0.63	0.61	0.12	1.09
Western	85	0.64	0.61	0.12	1.1
Western	86	0.65	0.62	0.13	1.12
Western	87	0.65	0.63	0.13	1.13
Western	88	0.66	0.63	0.13	1.14
Western	89	0.67	0.64	0.13	1.15
Western	90	0.68	0.65	0.13	1.16
Western	91	0.68	0.66	0.13	1.18
Western	92	0.69	0.66	0.14	1.19
Western	93	0.7	0.67	0.14	1.2
Western	94	0.71	0.68	0.14	1.21
Western	95	0.71	0.68	0.14	1.22
Western	96	0.72	0.69	0.14	1.24
Western	97	0.73	0.7	0.14	1.25
Western	98	0.74	0.7	0.15	1.26
Western	99	0.74	0.71	0.15	1.27
Western	100	0.75	0.72	0.15	1.28
Western	101	0.76	0.72	0.15	1.3
Western	102	0.77	0.73	0.15	1.31
Western	103	0.77	0.74	0.15	1.32
Western	104	0.78	0.74	0.16	1.33
Western	105	0.79	0.75	0.16	1.34
Western	106	0.8	0.76	0.16	1.36
Western	107	0.8	0.76	0.16	1.37
Western	108	0.81	0.77	0.16	1.38
Western	109	0.82	0.78	0.16	1.39
Western	110	0.83	0.78	0.16	1.4
Western	111	0.83	0.79	0.17	1.42
Western	112	0.84	0.8	0.17	1.43
Western	113	0.85	0.8	0.17	1.44
Western	114	0.86	0.81	0.17	1.45
Western	115	0.86	0.82	0.17	1.46
Western	116	0.87	0.82	0.17	1.48
Western	117	0.88	0.83	0.18	1.49
Western	118	0.89	0.84	0.18	1.5
Western	119	0.89	0.85	0.18	1.51
Western	120	0.9	0.85	0.18	1.52
Western	121	0.91	0.86	0.18	1.53
Western	122	0.92	0.87	0.18	1.55
Western	123	0.92	0.87	0.19	1.56
Western	124	0.93	0.88	0.19	1.57
Western	125	0.94	0.88	0.19	1.58
Western	126	0.95	0.89	0.19	1.59
Western	127	0.95	0.9	0.19	1.6
Western	128	0.96	0.9	0.19	1.62
Western	129	0.97	0.91	0.2	1.63
Western	130	0.98	0.92	0.2	1.64
Western	131	0.98	0.92	0.2	1.65
Western	132	0.99	0.93	0.2	1.66
Western	133	1	0.94	0.2	1.67
Western	134	1.01	0.94	0.2	1.68
Western	135	1.02	0.95	0.21	1.7
Western	136	1.02	0.96	0.21	1.71
Western	137	1.03	0.96	0.21	1.72
Western	138	1.04	0.97	0.21	1.73
Western	139	1.05	0.98	0.21	1.74
Western	140	1.05	0.98	0.21	1.75
Western	141	1.06	0.99	0.22	1.76
Western	142	1.07	1	0.22	1.78
Western	143	1.08	1	0.22	1.79
Western	144	1.08	1.01	0.22	1.8
Western	145	1.09	1.02	0.22	1.81
Western	146	1.1	1.02	0.22	1.82
Western	147	1.11	1.03	0.23	1.83
Western	148	1.11	1.04	0.23	1.84
Western	149	1.12	1.04	0.23	1.85
Western	150	1.13	1.05	0.23	1.87
Western	151	1.14	1.06	0.23	1.88
Western	152	1.14	1.06	0.23	1.89
Western	153	1.15	1.07	0.24	1.9
Western	154	1.16	1.07	0.24	1.91
Western	155	1.17	1.08	0.24	1.92
Western	156	1.17	1.09	0.24	1.93
Western	157	1.18	1.09	0.24	1.94
Western	158	1.19	1.1	0.24	1.96
Western	159	1.2	1.11	0.25	1.97
Western	160	1.2	1.11	0.25	1.98
Western	161	1.21	1.12	0.25	1.99
Western	162	1.22	1.13	0.25	2
Western	163	1.23	1.13	0.25	2.01
Western	164	1.23	1.14	0.26	2.02
Western	165	1.24	1.14	0.26	2.03
Western	166	1.25	1.15	0.26	2.04
Western	167	1.26	1.16	0.26	2.05
Western	168	1.26	1.16	0.26	2.07
Western	169	1.27	1.17	0.26	2.08
Western	170	1.28	1.18	0.27	2.09
Western	171	1.29	1.18	0.27	2.1
Western	172	1.29	1.19	0.27	2.11
Western	173	1.3	1.2	0.27	2.12
Western	174	1.31	1.2	0.27	2.13
Western	175	1.32	1.21	0.27	2.14
Western	176	1.32	1.21	0.28	2.15
Western	177	1.33	1.22	0.28	2.16
Western	178	1.34	1.23	0.28	2.17
Western	179	1.35	1.23	0.28	2.18
Western	180	1.35	1.24	0.28	2.2
Western	181	1.36	1.25	0.28	2.21
Western	182	1.37	1.25	0.29	2.22
Western	183	1.38	1.26	0.29	2.23
Western	184	1.38	1.26	0.29	2.24
Western	185	1.39	1.27	0.29	2.25
Western	186	1.4	1.28	0.29	2.26
Western	187	1.41	1.28	0.3	2.27
Western	188	1.41	1.29	0.3	2.28
Western	189	1.42	1.3	0.3	2.29
Western	190	1.43	1.3	0.3	2.3
Western	191	1.44	1.31	0.3	2.31
Western	192	1.44	1.31	0.3	2.32
Western	193	1.45	1.32	0.31	2.33
Western	194	1.46	1.33	0.31	2.34
Western	195	1.47	1.33	0.31	2.36
Western	196	1.47	1.34	0.31	2.37
Western	197	1.48	1.34	0.31	2.38
Western	198	1.49	1.35	0.31	2.39
Western	199	1.5	1.36	0.32	2.4
Western	200	1.5	1.36	0.32	2.41
Western	201	1.51	1.37	0.32	2.42
Western	202	1.52	1.38	0.32	2.43
Western	203	1.53	1.38	0.32	2.44
Western	204	1.53	1.39	0.33	2.45
Western	205	1.54	1.39	0.33	2.46
Western	206	1.55	1.4	0.33	2.47
Western	207	1.56	1.41	0.33	2.48
Western	208	1.56	1.41	0.33	2.49
Western	209	1.57	1.42	0.33	2.5
Western	210	1.58	1.42	0.34	2.51
Western	211	1.59	1.43	0.34	2.52
Western	212	1.59	1.44	0.34	2.53
Western	213	1.6	1.44	0.34	2.54
Western	214	1.61	1.45	0.34	2.55
Western	215	1.62	1.45	0.34	2.56
Western	216	1.62	1.46	0.35	2.57
Western	217	1.63	1.47	0.35	2.58
Western	218	1.64	1.47	0.35	2.59
Western	219	1.65	1.48	0.35	2.6
Western	220	1.65	1.48	0.35	2.61
Western	221	1.66	1.49	0.36	2.62
Western	222	1.67	1.5	0.36	2.63
Western	223	1.68	1.5	0.36	2.64
Western	224	1.68	1.51	0.36	2.65
Western	225	1.69	1.51	0.36	2.66
Western	226	1.7	1.52	0.36	2.67
Western	227	1.71	1.53	0.37	2.68
Western	228	1.71	1.53	0.37	2.69
Western	229	1.72	1.54	0.37	2.7
Western	230	1.73	1.54	0.37	2.71
Western	231	1.74	1.55	0.37	2.72
Western	232	1.74	1.55	0.37	2.73
Western	233	1.75	1.56	0.38	2.74
Western	234	1.76	1.57	0.38	2.75
Western	235	1.77	1.57	0.38	2.76
Western	236	1.77	1.58	0.38	2.77
Western	237	1.78	1.58	0.38	2.78
Western	238	1.79	1.59	0.39	2.79
Western	239	1.8	1.6	0.39	2.8
Western	240	1.8	1.6	0.39	2.81
Western	241	1.81	1.61	0.39	2.82
Western	242	1.82	1.61	0.39	2.83
Western	243	1.83	1.62	0.39	2.84
Western	244	1.83	1.62	0.4	2.85
Western	245	1.84	1.63	0.4	2.86
Western	246	1.85	1.64	0.4	2.87
Western	247	1.86	1.64	0.4	2.88
Western	248	1.86	1.65	0.4	2.89
Western	249	1.87	1.65	0.41	2.9
Western	250	1.88	1.66	0.41	2.91
Western	251	1.89	1.67	0.41	2.92
Western	252	1.89	1.67	0.41	2.93
Western	253	1.9	1.68	0.41	2.94
Western	254	1.91	1.68	0.41	2.95
Western	255	1.92	1.69	0.42	2.96
Western	256	1.92	1.69	0.42	2.97
Western	257	1.93	1.7	0.42	2.98
Western	258	1.94	1.71	0.42	2.99
Western	259	1.95	1.71	0.42	3
Western	260	1.95	1.72	0.43	3.01
Western	261	1.96	1.72	0.43	3.02
Western	262	1.97	1.73	0.43	3.03
Western	263	1.98	1.73	0.43	3.04
Western	264	1.98	1.74	0.43	3.05
Western	265	1.99	1.74	0.43	3.06
Western	266	2	1.75	0.44	3.07
Western	267	2.01	1.76	0.44	3.07
Western	268	2.02	1.76	0.44	3.08
Western	269	2.02	1.77	0.44	3.09
Western	270	2.03	1.77	0.44	3.1
Western	271	2.04	1.78	0.44	3.11
Western	272	2.05	1.78	0.45	3.12
Western	273	2.05	1.79	0.45	3.13
Western	274	2.06	1.8	0.45	3.14
Western	275	2.07	1.8	0.45	3.15
Western	276	2.08	1.81	0.45	3.16
Western	277	2.08	1.81	0.46	3.17
Western	278	2.09	1.82	0.46	3.18
Western	279	2.1	1.82	0.46	3.19
Western	280	2.11	1.83	0.46	3.2
Western	281	2.11	1.83	0.46	3.21
Western	282	2.12	1.84	0.46	3.22
Western	283	2.13	1.85	0.47	3.22
Western	284	2.14	1.85	0.47	3.23
Western	285	2.14	1.86	0.47	3.24
Western	286	2.15	1.86	0.47	3.25
Western	287	2.16	1.87	0.47	3.26
Western	288	2.17	1.87	0.48	3.27
Western	289	2.17	1.88	0.48	3.28
Western	290	2.18	1.88	0.48	3.29
Western	291	2.19	1.89	0.48	3.3
Western	292	2.2	1.89	0.48	3.31
Western	293	2.2	1.9	0.48	3.32
Western	294	2.21	1.91	0.49	3.33
Western	295	2.22	1.91	0.49	3.33
Western	296	2.23	1.92	0.49	3.34
Western	297	2.23	1.92	0.49	3.35
Western	298	2.24	1.93	0.49	3.36
Western	299	2.25	1.93	0.5	3.37
Western	300	2.26	1.94	0.5	3.38
Western	301	2.26	1.94	0.5	3.39
Western	302	2.27	1.95	0.5	3.4
Western	303	2.28	1.95	0.5	3.41
Western	304	2.29	1.96	0.5	3.42
Western	305	2.29	1.97	0.51	3.42
Western	306	2.3	1.97	0.51	3.43
Western	307	2.31	1.98	0.51	3.44
Western	308	2.32	1.98	0.51	3.45
Western	309	2.32	1.99	0.51	3.46
Western	310	2.33	1.99	0.51	3.47
Western	311	2.34	2	0.52	3.48
Western	312	2.35	2	0.52	3.49
Western	313	2.35	2.01	0.52	3.5
Western	314	2.36	2.01	0.52	3.5
Western	315	2.37	2.02	0.52	3.51
Western	316	2.38	2.02	0.53	3.52
Western	317	2.38	2.03	0.53	3.53
Western	318	2.39	2.03	0.53	3.54
Western	319	2.4	2.04	0.53	3.55
Western	320	2.41	2.04	0.53	3.56
Western	321	2.41	2.05	0.53	3.57
Western	322	2.42	2.06	0.54	3.57
Western	323	2.43	2.06	0.54	3.58
Western	324	2.44	2.07	0.54	3.59
Western	325	2.44	2.07	0.54	3.6
Western	326	2.45	2.08	0.54	3.61
Western	327	2.46	2.08	0.54	3.62
Western	328	2.47	2.09	0.55	3.63
Western	329	2.47	2.09	0.55	3.63
Western	330	2.48	2.1	0.55	3.64
Western	331	2.49	2.1	0.55	3.65
Western	332	2.5	2.11	0.55	3.66
Western	333	2.5	2.11	0.56	3.67
Western	334	2.51	2.12	0.56	3.68
Western	335	2.52	2.12	0.56	3.69
Western	336	2.53	2.13	0.56	3.69
Western	337	2.53	2.13	0.56	3.7
Western	338	2.54	2.14	0.56	3.71
Western	339	2.55	2.14	0.57	3.72
Western	340	2.56	2.15	0.57	3.73
Western	341	2.56	2.15	0.57	3.74
Western	342	2.57	2.16	0.57	3.75
Western	343	2.58	2.16	0.57	3.75
Western	344	2.59	2.17	0.57	3.76
Western	345	2.59	2.17	0.58	3.77
Western	346	2.6	2.18	0.58	3.78
Western	347	2.61	2.18	0.58	3.79
Western	348	2.62	2.19	0.58	3.8
Western	349	2.62	2.19	0.58	3.8
Western	350	2.63	2.2	0.59	3.81
Western	351	2.64	2.2	0.59	3.82
Western	352	2.65	2.21	0.59	3.83
Western	353	2.65	2.21	0.59	3.84
Western	354	2.66	2.22	0.59	3.85
Western	355	2.67	2.22	0.59	3.85
Western	356	2.68	2.23	0.6	3.86
Western	357	2.68	2.23	0.6	3.87
Western	358	2.69	2.24	0.6	3.88
Western	359	2.7	2.24	0.6	3.89
Western	360	2.71	2.25	0.6	3.9
Western	361	2.71	2.25	0.6	3.9
Western	362	2.72	2.26	0.61	3.91
Western	363	2.73	2.26	0.61	3.92
Western	364	2.74	2.27	0.61	3.93
Western	365	2.74	2.27	0.61	3.94
Western	366	2.75	2.28	0.61	3.95
Western	367	2.76	2.28	0.61	3.95
Western	368	2.77	2.29	0.62	3.96
Western	369	2.77	2.29	0.62	3.97
Western	370	2.78	2.3	0.62	3.98
Western	371	2.79	2.3	0.62	3.99
Western	372	2.8	2.31	0.62	3.99
Western	373	2.8	2.31	0.62	4
Western	374	2.81	2.32	0.63	4.01
Western	375	2.82	2.32	0.63	4.02
Western	376	2.83	2.33	0.63	4.03
Western	377	2.83	2.33	0.63	4.03
Western	378	2.84	2.34	0.63	4.04
Western	379	2.85	2.34	0.64	4.05
Western	380	2.86	2.35	0.64	4.06
Western	381	2.86	2.35	0.64	4.07
Western	382	2.87	2.36	0.64	4.07
Western	383	2.88	2.36	0.64	4.08
Western	384	2.89	2.37	0.64	4.09
Western	385	2.89	2.37	0.65	4.1
Western	386	2.9	2.38	0.65	4.11
Western	387	2.91	2.38	0.65	4.11
Western	388	2.92	2.39	0.65	4.12
Western	389	2.92	2.39	0.65	4.13
Western	390	2.93	2.4	0.65	4.14
Western	391	2.94	2.4	0.66	4.14
Western	392	2.95	2.4	0.66	4.15
Western	393	2.95	2.41	0.66	4.16
Western	394	2.96	2.41	0.66	4.17
Western	395	2.97	2.42	0.66	4.18
Western	396	2.98	2.42	0.66	4.18
Western	397	2.98	2.43	0.67	4.19
Western	398	2.99	2.43	0.67	4.2
Western	399	3	2.44	0.67	4.21
Western	400	3.01	2.44	0.67	4.22
Western	401	3.02	2.45	0.67	4.22
Western	402	3.02	2.45	0.67	4.23
Western	403	3.03	2.46	0.67	4.24
Western	404	3.04	2.46	0.68	4.25
Western	405	3.05	2.47	0.68	4.25
Western	406	3.05	2.47	0.68	4.26
Western	407	3.06	2.48	0.68	4.27
Western	408	3.07	2.48	0.68	4.28
Western	409	3.08	2.48	0.68	4.28
Western	410	3.08	2.49	0.69	4.29
Western	411	3.09	2.49	0.69	4.3
Western	412	3.1	2.5	0.69	4.31
Western	413	3.11	2.5	0.69	4.31
Western	414	3.11	2.51	0.69	4.32
Western	415	3.12	2.51	0.69	4.33
Western	416	3.13	2.52	0.7	4.34
Western	417	3.14	2.52	0.7	4.35
Western	418	3.14	2.53	0.7	4.35
Western	419	3.15	2.53	0.7	4.36
Western	420	3.16	2.53	0.7	4.37
Western	421	3.17	2.54	0.7	4.38
Western	422	3.17	2.54	0.71	4.38
Western	423	3.18	2.55	0.71	4.39
Western	424	3.19	2.55	0.71	4.4
Western	425	3.2	2.56	0.71	4.41
Western	426	3.2	2.56	0.71	4.41
Western	427	3.21	2.57	0.71	4.42
Western	428	3.22	2.57	0.71	4.43
Western	429	3.23	2.58	0.72	4.43
Western	430	3.23	2.58	0.72	4.44
Western	431	3.24	2.58	0.72	4.45
Western	432	3.25	2.59	0.72	4.46
Western	433	3.26	2.59	0.72	4.46
Western	434	3.26	2.6	0.72	4.47
Western	435	3.27	2.6	0.73	4.48
Western	436	3.28	2.61	0.73	4.49
Western	437	3.29	2.61	0.73	4.49
Western	438	3.29	2.62	0.73	4.5
Western	439	3.3	2.62	0.73	4.51
Western	440	3.31	2.62	0.73	4.52
Western	441	3.32	2.63	0.73	4.52
Western	442	3.32	2.63	0.74	4.53
Western	443	3.33	2.64	0.74	4.54
Western	444	3.34	2.64	0.74	4.54
Western	445	3.35	2.65	0.74	4.55
Western	446	3.35	2.65	0.74	4.56
Western	447	3.36	2.66	0.74	4.57
Western	448	3.37	2.66	0.75	4.57
Western	449	3.38	2.66	0.75	4.58
Western	450	3.38	2.67	0.75	4.59
Western	451	3.39	2.67	0.75	4.6
Western	452	3.4	2.68	0.75	4.6
Western	453	3.41	2.68	0.75	4.61
Western	454	3.41	2.69	0.75	4.62
Western	455	3.42	2.69	0.76	4.62
Western	456	3.43	2.69	0.76	4.63
Western	457	3.44	2.7	0.76	4.64
Western	458	3.44	2.7	0.76	4.65
Western	459	3.45	2.71	0.76	4.65
Western	460	3.46	2.71	0.76	4.66
Western	461	3.47	2.72	0.76	4.67
Western	462	3.47	2.72	0.77	4.67
Western	463	3.48	2.72	0.77	4.68
Western	464	3.49	2.73	0.77	4.69
Western	465	3.5	2.73	0.77	4.69
Western	466	3.5	2.74	0.77	4.7
Western	467	3.51	2.74	0.77	4.71
Western	468	3.52	2.75	0.77	4.72
Western	469	3.53	2.75	0.78	4.72
Western	470	3.53	2.75	0.78	4.73
Western	471	3.54	2.76	0.78	4.74
Western	472	3.55	2.76	0.78	4.74
Western	473	3.56	2.77	0.78	4.75
Western	474	3.56	2.77	0.78	4.76
Western	475	3.57	2.77	0.78	4.76
Western	476	3.58	2.78	0.79	4.77
Western	477	3.59	2.78	0.79	4.78
Western	478	3.59	2.79	0.79	4.79
Western	479	3.6	2.79	0.79	4.79
Western	480	3.61	2.8	0.79	4.8
Western	481	3.62	2.8	0.79	4.81
Western	482	3.62	2.8	0.79	4.81
Western	483	3.63	2.81	0.79	4.82
Western	484	3.64	2.81	0.8	4.83
Western	485	3.65	2.82	0.8	4.83
Western	486	3.65	2.82	0.8	4.84
Western	487	3.66	2.82	0.8	4.85
Western	488	3.67	2.83	0.8	4.85
Western	489	3.68	2.83	0.8	4.86
Western	490	3.68	2.84	0.8	4.87
Western	491	3.69	2.84	0.81	4.87
Western	492	3.7	2.84	0.81	4.88
Western	493	3.71	2.85	0.81	4.89
Western	494	3.71	2.85	0.81	4.9
Western	495	3.72	2.86	0.81	4.9
Western	496	3.73	2.86	0.81	4.91
Western	497	3.74	2.86	0.81	4.92
Western	498	3.74	2.87	0.81	4.92
Western	499	3.75	2.87	0.82	4.93
Western	500	3.76	2.88	0.82	4.94
Western	501	3.77	2.88	0.82	4.94
Western	502	3.77	2.88	0.82	4.95
Western	503	3.78	2.89	0.82	4.96
Western	504	3.79	2.89	0.82	4.96
Western	505	3.8	2.9	0.82	4.97
Western	506	3.8	2.9	0.82	4.98
Western	507	3.81	2.9	0.83	4.98
Western	508	3.82	2.91	0.83	4.99
Western	509	3.83	2.91	0.83	5
Western	510	3.83	2.92	0.83	5
Western	511	3.84	2.92	0.83	5.01
Western	512	3.85	2.92	0.83	5.02
Western	513	3.86	2.93	0.83	5.02
Western	514	3.86	2.93	0.83	5.03
Western	515	3.87	2.94	0.84	5.04
Western	516	3.88	2.94	0.84	5.04
Western	517	3.89	2.94	0.84	5.05
Western	518	3.89	2.95	0.84	5.05
Western	519	3.9	2.95	0.84	5.06
Western	520	3.91	2.95	0.84	5.07
Western	521	3.92	2.96	0.84	5.07
Western	522	3.92	2.96	0.84	5.08
Western	523	3.93	2.97	0.84	5.09
Western	524	3.94	2.97	0.85	5.09
Western	525	3.95	2.97	0.85	5.1
Western	526	3.95	2.98	0.85	5.11
Western	527	3.96	2.98	0.85	5.11
Western	528	3.97	2.98	0.85	5.12
Western	529	3.98	2.99	0.85	5.13
Western	530	3.98	2.99	0.85	5.13
Western	531	3.99	3	0.85	5.14
Western	532	4	3	0.85	5.15
